######################## Base HostGuest_dataset_trat_env reduction for dim 1


Atributos da base: ['SlogP', 'SMR', 'LabuteASA', 'TPSA', 'AMW', 'NumLipinskiHBA', 'NumLipinskiHBD', 'NumRotatableBonds']

Resultados PCA: [[0.18764905 0.39799779 0.40253302 0.39527028 0.40263484 0.40064235
  0.01032758 0.40666744]]

Variance PCA: [0.69271449]



Depois do PCA
[[-8.90555636e-02]
 [-1.16439574e-01]
 [-9.28236092e-02]
 [-1.62935356e-02]
 [-1.96526184e-03]
 [-2.31763971e-02]
 [ 4.24531688e-04]
 [ 7.94732717e-02]
 [-1.41867551e-02]
 [-1.00857135e-02]
 [-8.90555636e-02]
 [-1.00015498e-01]
 [-8.48884612e-02]
 [-9.30302653e-02]
 [-1.04308723e-01]
 [-9.61669194e-02]
 [-8.30865185e-02]
 [-8.17573734e-02]
 [-7.12348920e-02]
 [-1.12586442e-01]
 [-9.21476034e-02]
 [-6.31261961e-02]
 [-6.84243522e-02]
 [-6.97653798e-02]
 [ 2.65828835e-02]
 [-1.18096580e-02]
 [ 6.14953217e-02]
 [-4.47999455e-02]
 [-1.01741670e-02]
 [ 1.21285903e-01]
 [ 3.04203714e-02]
 [-4.00762472e-02]
 [-4.81560452e-03]
 [-4.00762472e-02]
 [-4.81560452e-03]
 [-5.02180336e-02]
 [-4.11471562e-02]
 [-4.11471562e-02]
 [-8.38897009e-02]
 [-5.61007128e-02]
 [-6.49045822e-02]
 [-2.50984805e-02]
 [-6.71554174e-02]
 [ 2.32682772e+00]
 [ 2.34376882e+00]
 [ 2.37136712e+00]
 [ 2.32682772e+00]
 [ 2.34376882e+00]
 [ 2.37136712e+00]
 [-2.55093598e-02]
 [-2.55093598e-02]
 [-2.55093598e-02]
 [-6.51345927e-02]
 [-6.51345927e-02]
 [-4.11471562e-02]
 [-4.11471562e-02]
 [-7.45603819e-02]
 [-6.57479460e-02]
 [-4.11471562e-02]
 [-4.11471562e-02]
 [-4.11471562e-02]
 [-7.48188234e-02]
 [-4.11471562e-02]
 [-6.71554174e-02]
 [-7.48188234e-02]
 [-6.89277471e-02]
 [-3.57655496e-02]
 [-7.48188234e-02]
 [-7.17110429e-02]
 [-6.89277471e-02]
 [-6.94372169e-02]
 [-5.02180336e-02]
 [-3.57655496e-02]
 [-6.94372169e-02]
 [-6.89277471e-02]
 [-5.02180336e-02]
 [-6.63181794e-02]
 [-5.94953303e-02]
 [-6.63181794e-02]
 [-8.38897009e-02]
 [-5.61007128e-02]
 [-6.94372169e-02]
 [-2.76330672e-03]
 [-6.49045822e-02]
 [-6.63181794e-02]
 [-6.40556103e-02]
 [-1.82233862e-02]
 [-6.51873204e-03]
 [ 5.18592216e-03]
 [ 1.68905764e-02]
 [-4.16326946e-02]
 [-2.99280404e-02]
 [-1.82233862e-02]
 [-6.51873204e-03]
 [ 5.18592216e-03]
 [ 1.68905764e-02]
 [-3.89625219e-02]
 [-2.72578677e-02]
 [-9.46605322e-02]
 [-8.41380508e-02]
 [-7.36155694e-02]
 [-6.30930879e-02]
 [-5.40703500e-02]
 [-5.40703500e-02]
 [-5.49843921e-02]
 [-5.49843921e-02]
 [-9.46605322e-02]
 [-8.41380508e-02]
 [-7.36155694e-02]
 [-6.30930879e-02]
 [-5.40703500e-02]
 [-5.40703500e-02]
 [-5.49843921e-02]
 [-5.49843921e-02]
 [-9.46605322e-02]
 [-8.41380508e-02]
 [-7.36155694e-02]
 [-6.30930879e-02]
 [-5.40703500e-02]
 [-5.40703500e-02]
 [-5.49843921e-02]
 [-5.49843921e-02]
 [-9.46605322e-02]
 [-8.41380508e-02]
 [-7.36155694e-02]
 [-6.30930879e-02]
 [-5.40703500e-02]
 [-5.40703500e-02]
 [-5.49843921e-02]
 [-5.49843921e-02]
 [-9.46605322e-02]
 [-8.41380508e-02]
 [-7.36155694e-02]
 [-6.30930879e-02]
 [-5.40703500e-02]
 [-5.40703500e-02]
 [-5.49843921e-02]
 [-5.49843921e-02]
 [-9.46605322e-02]
 [-8.41380508e-02]
 [-7.36155694e-02]
 [-6.30930879e-02]
 [-5.40703500e-02]
 [-5.40703500e-02]
 [-5.49843921e-02]
 [-5.49843921e-02]
 [-5.40703500e-02]
 [-5.40703500e-02]
 [-5.49843921e-02]
 [-5.49843921e-02]
 [-3.88002464e-02]
 [-3.88002464e-02]
 [-3.88002464e-02]
 [ 8.01837039e-03]
 [ 8.01837039e-03]
 [ 8.01837039e-03]
 [ 8.01837039e-03]
 [ 8.01837039e-03]
 [ 8.01837039e-03]
 [ 4.48136602e-02]
 [ 4.48136602e-02]
 [ 4.48136602e-02]
 [ 4.48136602e-02]
 [ 4.48136602e-02]
 [ 4.48136602e-02]
 [ 4.48136602e-02]
 [ 4.48136602e-02]
 [ 5.38845377e-02]
 [ 5.38845377e-02]
 [ 5.38845377e-02]
 [ 5.38845377e-02]
 [ 3.59877241e-02]
 [ 3.59877241e-02]
 [ 2.69168467e-02]
 [ 2.69168467e-02]
 [ 3.86215009e-02]
 [ 3.86215009e-02]
 [ 4.44901083e-02]
 [ 4.44901083e-02]
 [ 6.20633699e-02]
 [ 5.49728428e-02]
 [ 5.49728428e-02]
 [ 7.25461044e-02]
 [ 7.25461044e-02]
 [ 9.01193661e-02]
 [ 5.49778706e-02]
 [ 5.49778706e-02]
 [ 6.40487481e-02]
 [ 6.40487481e-02]
 [ 8.30338667e-02]
 [ 8.30338667e-02]
 [ 7.46589692e-02]
 [ 7.46589692e-02]
 [ 6.45914980e-02]
 [ 6.45914980e-02]
 [ 6.45914980e-02]
 [ 6.45914980e-02]
 [-9.74857929e-02]
 [-9.74857929e-02]
 [-9.74857929e-02]
 [-9.74857929e-02]
 [-8.57811387e-02]
 [-8.57811387e-02]
 [-7.40764845e-02]
 [-7.40764845e-02]
 [-8.52882380e-02]
 [-8.52882380e-02]
 [-8.52882380e-02]
 [-8.52882380e-02]
 [-8.22182885e-02]
 [-8.22182885e-02]
 [-6.18789296e-02]
 [-6.18789296e-02]
 [-6.18789296e-02]
 [-6.18789296e-02]
 [-9.46605322e-02]
 [-9.46605322e-02]
 [-8.41380508e-02]
 [-8.41380508e-02]
 [-8.41380508e-02]
 [-8.41380508e-02]
 [-7.36155694e-02]
 [-7.36155694e-02]
 [-6.34799358e-02]
 [-6.34799358e-02]
 [-3.42495995e-02]
 [-3.42495995e-02]
 [-6.19084068e-02]
 [-6.19084068e-02]
 [-6.31252987e-02]
 [-6.31252987e-02]
 [-8.28119604e-02]
 [-8.28119604e-02]
 [-7.66830105e-02]
 [-7.66830105e-02]
 [-6.76121330e-02]
 [-6.76121330e-02]
 [-6.76121330e-02]
 [-6.76121330e-02]
 [-8.53177152e-02]
 [-8.53177152e-02]
 [-7.62468378e-02]
 [-7.62468378e-02]
 [-6.03266408e-02]
 [-6.03266408e-02]
 [-6.03266408e-02]
 [-6.03266408e-02]
 [-6.03266408e-02]
 [-6.03266408e-02]
 [-5.12557633e-02]
 [-5.12557633e-02]
 [-7.83388784e-02]
 [-7.83388784e-02]
 [-7.25987562e-02]
 [-7.25987562e-02]
 [-8.32028207e-02]
 [-8.32028207e-02]
 [-8.28119604e-02]
 [-8.28119604e-02]
 [-9.19398002e-02]
 [-9.19398002e-02]
 [-9.19398002e-02]
 [-9.19398002e-02]
 [-9.39229427e-02]
 [-8.22182885e-02]
 [-7.05136343e-02]
 [-5.88089801e-02]
 [-8.52882380e-02]
 [-7.35835838e-02]
 [-8.53177152e-02]
 [-7.62468378e-02]
 [-7.66830105e-02]
 [-6.76121330e-02]
 [-6.76121330e-02]
 [-6.31376381e-02]
 [-8.41380508e-02]
 [-7.61616063e-02]
 [-3.22706446e-02]
 [-3.22706446e-02]
 [-5.12557633e-02]
 [-5.12557633e-02]
 [-6.34799358e-02]
 [-6.34799358e-02]
 [-3.42495995e-02]
 [-3.42495995e-02]
 [-6.76121330e-02]
 [-6.76121330e-02]
 [-4.88258537e-02]
 [-4.88258537e-02]
 [-6.26023023e-02]
 [-1.67413605e-01]
 [-1.06997200e-01]
 [-7.92598249e-02]
 [-7.92598249e-02]
 [-6.03266408e-02]
 [-6.03266408e-02]
 [-5.92923163e-02]
 [-5.92923163e-02]
 [-4.10915529e-02]
 [-4.10915529e-02]
 [-6.31376381e-02]
 [-6.31376381e-02]
 [-6.31376381e-02]
 [-6.31376381e-02]
 [-8.05700751e-02]
 [-8.05700751e-02]
 [-7.66830105e-02]
 [-8.28119604e-02]
 [ 1.15469473e-04]
 [ 1.15469473e-04]
 [ 1.83711491e-02]
 [ 1.83711491e-02]
 [-7.83388784e-02]
 [-7.83388784e-02]
 [-8.32028207e-02]
 [-8.32028207e-02]
 [-7.16990969e-02]
 [-7.16990969e-02]
 [-3.47177359e-02]
 [-3.47177359e-02]
 [-8.22991806e-02]
 [-8.22991806e-02]
 [-8.41380508e-02]
 [-7.25987562e-02]
 [-7.25987562e-02]
 [-5.86282403e-02]
 [-5.86282403e-02]
 [-6.31252987e-02]
 [-6.19084068e-02]
 [-6.26023023e-02]
 [-1.67413605e-01]
 [-1.06997200e-01]
 [-8.28119604e-02]
 [ 1.70142483e-02]
 [ 1.70142483e-02]
 [-2.69665538e-02]
 [-2.69665538e-02]
 [ 9.78653397e-02]
 [ 9.78653397e-02]
 [-2.69665538e-02]
 [-2.69665538e-02]
 [ 9.78653397e-02]
 [ 9.78653397e-02]
 [-2.69665538e-02]
 [-2.69665538e-02]
 [ 9.78653397e-02]
 [ 9.78653397e-02]
 [-2.69665538e-02]
 [-2.69665538e-02]
 [ 9.78653397e-02]
 [ 9.78653397e-02]
 [-2.69665538e-02]
 [-2.69665538e-02]
 [ 9.78653397e-02]
 [ 9.78653397e-02]
 [ 9.78653397e-02]
 [ 9.78653397e-02]]


Antes do PCA
['SlogP', 'SMR', 'LabuteASA', 'TPSA', 'AMW', 'NumLipinskiHBA', 'NumLipinskiHBD', 'NumRotatableBonds'][[0.36661064 0.03025673 0.01743899 ... 0.01680672 0.6        0.00581395]
 [0.28070962 0.01889352 0.00693202 ... 0.01680672 0.6        0.00872093]
 [0.08528478 0.04374933 0.03012713 ... 0.03361345 1.         0.03197674]
 ...
 [0.59943044 0.08536362 0.07510464 ... 0.08403361 0.5        0.03197674]
 [0.59943044 0.08536362 0.07510464 ... 0.08403361 0.5        0.03197674]
 [0.59943044 0.08536362 0.07510464 ... 0.08403361 0.5        0.03197674]]



