######################## Base HostGuest_dataset_trat_env reduction for dim 1


Atributos da base: ['pH', 'Temp (C)']

Resultados PCA: [[ 0.98445831 -0.17561841]]

Variance PCA: [0.67972194]



Depois do PCA
[[ 0.78342413]
 [ 0.78342413]
 [ 0.78342413]
 [ 0.78342413]
 [ 0.78342413]
 [ 0.78342413]
 [ 0.78342413]
 [ 0.78342413]
 [ 0.78342413]
 [ 0.78342413]
 [ 0.78342413]
 [ 0.78342413]
 [ 0.78342413]
 [ 0.78342413]
 [ 0.78342413]
 [ 0.78342413]
 [ 0.78342413]
 [ 0.78342413]
 [ 0.78342413]
 [ 0.78342413]
 [ 0.78342413]
 [ 0.78342413]
 [ 0.78342413]
 [ 0.78342413]
 [ 0.78342413]
 [ 0.78342413]
 [ 0.78342413]
 [ 0.78342413]
 [ 0.78342413]
 [ 0.78342413]
 [ 0.78342413]
 [-0.0385775 ]
 [-0.0385775 ]
 [-0.0385775 ]
 [-0.0385775 ]
 [-0.00672515]
 [-0.00672515]
 [-0.00672515]
 [-0.00672515]
 [-0.00672515]
 [-0.00672515]
 [-0.00672515]
 [-0.00672515]
 [-0.00672515]
 [-0.00672515]
 [-0.00672515]
 [-0.04116013]
 [-0.04116013]
 [-0.04116013]
 [-0.04116013]
 [-0.04116013]
 [-0.04116013]
 [-0.04116013]
 [-0.04116013]
 [-0.00672515]
 [-0.00672515]
 [-0.00672515]
 [-0.00672515]
 [-0.00672515]
 [-0.00672515]
 [-0.00672515]
 [-0.00672515]
 [-0.00672515]
 [-0.00672515]
 [-0.00672515]
 [-0.00672515]
 [-0.00672515]
 [-0.00672515]
 [-0.00672515]
 [-0.00672515]
 [-0.00672515]
 [-0.00672515]
 [-0.00672515]
 [-0.00672515]
 [-0.00672515]
 [-0.00672515]
 [-0.00672515]
 [-0.00672515]
 [-0.00672515]
 [-0.00672515]
 [-0.00672515]
 [-0.00672515]
 [-0.00672515]
 [-0.00672515]
 [-0.00672515]
 [-0.00672515]
 [-0.00672515]
 [-0.00672515]
 [-0.00672515]
 [-0.00672515]
 [-0.00672515]
 [-0.00672515]
 [-0.00672515]
 [-0.00672515]
 [-0.00672515]
 [-0.00672515]
 [-0.00672515]
 [-0.00672515]
 [ 0.38705818]
 [ 0.38705818]
 [ 0.38705818]
 [ 0.38705818]
 [ 0.38705818]
 [ 0.38705818]
 [ 0.38705818]
 [ 0.38705818]
 [ 0.38705818]
 [ 0.38705818]
 [ 0.38705818]
 [ 0.38705818]
 [ 0.38705818]
 [ 0.38705818]
 [ 0.38705818]
 [ 0.38705818]
 [ 0.38705818]
 [ 0.38705818]
 [ 0.38705818]
 [ 0.38705818]
 [ 0.38705818]
 [ 0.38705818]
 [ 0.38705818]
 [ 0.38705818]
 [ 0.38705818]
 [ 0.38705818]
 [ 0.38705818]
 [ 0.38705818]
 [ 0.38705818]
 [ 0.38705818]
 [ 0.38705818]
 [ 0.38705818]
 [ 0.38705818]
 [ 0.38705818]
 [ 0.38705818]
 [ 0.38705818]
 [ 0.38705818]
 [ 0.38705818]
 [ 0.38705818]
 [ 0.38705818]
 [ 0.38705818]
 [ 0.38705818]
 [ 0.38705818]
 [ 0.38705818]
 [ 0.38705818]
 [ 0.38705818]
 [ 0.38705818]
 [ 0.38705818]
 [ 0.38705818]
 [ 0.38705818]
 [ 0.38705818]
 [ 0.38705818]
 [-0.17976093]
 [-0.17976093]
 [-0.17976093]
 [-0.17976093]
 [-0.17976093]
 [ 0.38705818]
 [ 0.38705818]
 [ 0.38705818]
 [ 0.38705818]
 [ 0.38705818]
 [ 0.38705818]
 [ 0.38705818]
 [ 0.38705818]
 [ 0.38705818]
 [-0.09453435]
 [-0.09453435]
 [-0.09453435]
 [-0.09453435]
 [-0.09453435]
 [-0.09453435]
 [-0.20361681]
 [-0.20361681]
 [-0.20361681]
 [-0.20361681]
 [-0.20361681]
 [-0.20361681]
 [-0.20361681]
 [-0.20361681]
 [-0.20361681]
 [-0.20361681]
 [-0.20361681]
 [-0.20361681]
 [-0.20361681]
 [-0.20361681]
 [-0.20361681]
 [-0.20361681]
 [-0.20361681]
 [-0.20361681]
 [-0.20361681]
 [-0.20361681]
 [-0.20361681]
 [-0.20361681]
 [-0.20361681]
 [-0.20361681]
 [-0.20361681]
 [-0.20361681]
 [-0.20361681]
 [-0.20361681]
 [-0.20361681]
 [-0.20361681]
 [-0.20361681]
 [-0.20361681]
 [-0.20361681]
 [-0.20361681]
 [-0.20361681]
 [-0.20361681]
 [-0.20361681]
 [-0.20361681]
 [-0.20361681]
 [-0.20361681]
 [-0.20361681]
 [-0.20361681]
 [-0.20361681]
 [-0.20361681]
 [-0.20361681]
 [-0.20361681]
 [-0.20361681]
 [-0.20361681]
 [-0.20361681]
 [-0.20361681]
 [-0.20361681]
 [-0.20361681]
 [-0.20361681]
 [-0.20361681]
 [-0.20361681]
 [-0.20361681]
 [-0.20361681]
 [-0.20361681]
 [-0.20361681]
 [-0.20361681]
 [-0.20361681]
 [-0.20361681]
 [-0.20361681]
 [-0.20361681]
 [-0.20361681]
 [-0.20361681]
 [-0.20361681]
 [-0.20361681]
 [-0.20361681]
 [-0.20361681]
 [-0.20361681]
 [-0.20361681]
 [-0.20361681]
 [-0.20361681]
 [-0.20361681]
 [-0.20361681]
 [-0.20361681]
 [-0.20361681]
 [-0.20361681]
 [-0.20361681]
 [-0.20361681]
 [-0.20361681]
 [-0.20361681]
 [-0.20361681]
 [-0.20361681]
 [-0.20361681]
 [-0.20361681]
 [-0.20361681]
 [-0.20361681]
 [-0.20361681]
 [-0.20361681]
 [-0.20361681]
 [-0.20361681]
 [-0.20361681]
 [-0.20361681]
 [-0.20361681]
 [-0.20361681]
 [-0.20361681]
 [-0.20361681]
 [-0.20361681]
 [-0.20361681]
 [-0.20361681]
 [-0.20361681]
 [-0.20361681]
 [-0.20361681]
 [-0.37579172]
 [-0.20361681]
 [-0.37579172]
 [-0.20361681]
 [-0.37579172]
 [-0.20361681]
 [-0.37579172]
 [-0.20361681]
 [-0.37579172]
 [-0.20361681]
 [-0.37579172]
 [-0.20361681]
 [-0.37579172]
 [-0.20361681]
 [-0.37579172]
 [-0.20361681]
 [-0.37579172]
 [-0.20361681]
 [-0.37579172]
 [-0.20361681]
 [-0.37579172]
 [-0.20361681]
 [-0.37579172]
 [-0.20361681]
 [-0.37579172]
 [-0.20361681]
 [-0.37579172]
 [-0.20361681]
 [-0.20361681]
 [-0.20361681]
 [-0.20361681]
 [-0.20361681]
 [-0.20361681]
 [-0.20361681]
 [-0.20361681]
 [-0.20361681]
 [-0.20361681]
 [-0.20361681]
 [-0.20361681]
 [-0.20361681]
 [-0.20361681]
 [-0.20361681]
 [-0.20361681]
 [-0.20361681]
 [-0.20361681]
 [-0.20361681]
 [-0.20361681]
 [-0.20361681]
 [-0.20361681]
 [-0.20361681]
 [-0.20361681]
 [-0.20361681]
 [-0.20361681]
 [-0.20361681]
 [-0.20361681]
 [-0.20361681]
 [-0.20361681]
 [-0.20361681]
 [-0.20361681]
 [-0.20361681]
 [-0.20361681]
 [-0.20361681]
 [-0.20361681]
 [-0.20361681]
 [-0.20361681]
 [-0.20361681]
 [-0.20361681]
 [-0.20361681]
 [-0.20361681]
 [-0.20361681]
 [-0.20361681]
 [-0.20361681]
 [-0.20361681]
 [-0.20361681]
 [-0.20361681]
 [-0.20361681]
 [-0.20361681]
 [-0.20361681]
 [-0.20361681]
 [-0.20361681]
 [-0.20361681]
 [-0.20361681]
 [-0.20361681]
 [-0.20361681]
 [-0.20361681]
 [-0.20361681]
 [-0.20361681]
 [-0.20361681]
 [-0.20361681]
 [-0.20361681]
 [-0.20361681]
 [-0.20361681]
 [-0.20361681]
 [-0.20361681]
 [-0.20361681]
 [-0.20361681]
 [-0.20361681]
 [-0.20361681]
 [-0.20361681]
 [-0.20361681]
 [-0.20361681]
 [-0.20361681]
 [-0.20361681]
 [-0.20361681]
 [-0.20361681]
 [-0.20361681]
 [-0.20361681]]


Antes do PCA
['pH', 'Temp (C)'][[1.         0.        ]
 [1.         0.        ]
 [1.         0.        ]
 [1.         0.        ]
 [1.         0.        ]
 [1.         0.        ]
 [1.         0.        ]
 [1.         0.        ]
 [1.         0.        ]
 [1.         0.        ]
 [1.         0.        ]
 [1.         0.        ]
 [1.         0.        ]
 [1.         0.        ]
 [1.         0.        ]
 [1.         0.        ]
 [1.         0.        ]
 [1.         0.        ]
 [1.         0.        ]
 [1.         0.        ]
 [1.         0.        ]
 [1.         0.        ]
 [1.         0.        ]
 [1.         0.        ]
 [1.         0.        ]
 [1.         0.        ]
 [1.         0.        ]
 [1.         0.        ]
 [1.         0.        ]
 [1.         0.        ]
 [1.         0.        ]
 [0.2        0.19607843]
 [0.2        0.19607843]
 [0.2        0.19607843]
 [0.2        0.19607843]
 [0.2        0.01470588]
 [0.2        0.01470588]
 [0.2        0.01470588]
 [0.2        0.01470588]
 [0.2        0.01470588]
 [0.2        0.01470588]
 [0.2        0.01470588]
 [0.2        0.01470588]
 [0.2        0.01470588]
 [0.2        0.01470588]
 [0.2        0.01470588]
 [0.2        0.21078431]
 [0.2        0.21078431]
 [0.2        0.21078431]
 [0.2        0.21078431]
 [0.2        0.21078431]
 [0.2        0.21078431]
 [0.2        0.21078431]
 [0.2        0.21078431]
 [0.2        0.01470588]
 [0.2        0.01470588]
 [0.2        0.01470588]
 [0.2        0.01470588]
 [0.2        0.01470588]
 [0.2        0.01470588]
 [0.2        0.01470588]
 [0.2        0.01470588]
 [0.2        0.01470588]
 [0.2        0.01470588]
 [0.2        0.01470588]
 [0.2        0.01470588]
 [0.2        0.01470588]
 [0.2        0.01470588]
 [0.2        0.01470588]
 [0.2        0.01470588]
 [0.2        0.01470588]
 [0.2        0.01470588]
 [0.2        0.01470588]
 [0.2        0.01470588]
 [0.2        0.01470588]
 [0.2        0.01470588]
 [0.2        0.01470588]
 [0.2        0.01470588]
 [0.2        0.01470588]
 [0.2        0.01470588]
 [0.2        0.01470588]
 [0.2        0.01470588]
 [0.2        0.01470588]
 [0.2        0.01470588]
 [0.2        0.01470588]
 [0.2        0.01470588]
 [0.2        0.01470588]
 [0.2        0.01470588]
 [0.2        0.01470588]
 [0.2        0.01470588]
 [0.2        0.01470588]
 [0.2        0.01470588]
 [0.2        0.01470588]
 [0.2        0.01470588]
 [0.2        0.01470588]
 [0.2        0.01470588]
 [0.2        0.01470588]
 [0.2        0.01470588]
 [0.6        0.01470588]
 [0.6        0.01470588]
 [0.6        0.01470588]
 [0.6        0.01470588]
 [0.6        0.01470588]
 [0.6        0.01470588]
 [0.6        0.01470588]
 [0.6        0.01470588]
 [0.6        0.01470588]
 [0.6        0.01470588]
 [0.6        0.01470588]
 [0.6        0.01470588]
 [0.6        0.01470588]
 [0.6        0.01470588]
 [0.6        0.01470588]
 [0.6        0.01470588]
 [0.6        0.01470588]
 [0.6        0.01470588]
 [0.6        0.01470588]
 [0.6        0.01470588]
 [0.6        0.01470588]
 [0.6        0.01470588]
 [0.6        0.01470588]
 [0.6        0.01470588]
 [0.6        0.01470588]
 [0.6        0.01470588]
 [0.6        0.01470588]
 [0.6        0.01470588]
 [0.6        0.01470588]
 [0.6        0.01470588]
 [0.6        0.01470588]
 [0.6        0.01470588]
 [0.6        0.01470588]
 [0.6        0.01470588]
 [0.6        0.01470588]
 [0.6        0.01470588]
 [0.6        0.01470588]
 [0.6        0.01470588]
 [0.6        0.01470588]
 [0.6        0.01470588]
 [0.6        0.01470588]
 [0.6        0.01470588]
 [0.6        0.01470588]
 [0.6        0.01470588]
 [0.6        0.01470588]
 [0.6        0.01470588]
 [0.6        0.01470588]
 [0.6        0.01470588]
 [0.6        0.01470588]
 [0.6        0.01470588]
 [0.6        0.01470588]
 [0.6        0.01470588]
 [0.2        1.        ]
 [0.2        1.        ]
 [0.2        1.        ]
 [0.2        1.        ]
 [0.2        1.        ]
 [0.6        0.01470588]
 [0.6        0.01470588]
 [0.6        0.01470588]
 [0.6        0.01470588]
 [0.6        0.01470588]
 [0.6        0.01470588]
 [0.6        0.01470588]
 [0.6        0.01470588]
 [0.6        0.01470588]
 [0.2        0.51470588]
 [0.2        0.51470588]
 [0.2        0.51470588]
 [0.2        0.51470588]
 [0.2        0.51470588]
 [0.2        0.51470588]
 [0.         0.01470588]
 [0.         0.01470588]
 [0.         0.01470588]
 [0.         0.01470588]
 [0.         0.01470588]
 [0.         0.01470588]
 [0.         0.01470588]
 [0.         0.01470588]
 [0.         0.01470588]
 [0.         0.01470588]
 [0.         0.01470588]
 [0.         0.01470588]
 [0.         0.01470588]
 [0.         0.01470588]
 [0.         0.01470588]
 [0.         0.01470588]
 [0.         0.01470588]
 [0.         0.01470588]
 [0.         0.01470588]
 [0.         0.01470588]
 [0.         0.01470588]
 [0.         0.01470588]
 [0.         0.01470588]
 [0.         0.01470588]
 [0.         0.01470588]
 [0.         0.01470588]
 [0.         0.01470588]
 [0.         0.01470588]
 [0.         0.01470588]
 [0.         0.01470588]
 [0.         0.01470588]
 [0.         0.01470588]
 [0.         0.01470588]
 [0.         0.01470588]
 [0.         0.01470588]
 [0.         0.01470588]
 [0.         0.01470588]
 [0.         0.01470588]
 [0.         0.01470588]
 [0.         0.01470588]
 [0.         0.01470588]
 [0.         0.01470588]
 [0.         0.01470588]
 [0.         0.01470588]
 [0.         0.01470588]
 [0.         0.01470588]
 [0.         0.01470588]
 [0.         0.01470588]
 [0.         0.01470588]
 [0.         0.01470588]
 [0.         0.01470588]
 [0.         0.01470588]
 [0.         0.01470588]
 [0.         0.01470588]
 [0.         0.01470588]
 [0.         0.01470588]
 [0.         0.01470588]
 [0.         0.01470588]
 [0.         0.01470588]
 [0.         0.01470588]
 [0.         0.01470588]
 [0.         0.01470588]
 [0.         0.01470588]
 [0.         0.01470588]
 [0.         0.01470588]
 [0.         0.01470588]
 [0.         0.01470588]
 [0.         0.01470588]
 [0.         0.01470588]
 [0.         0.01470588]
 [0.         0.01470588]
 [0.         0.01470588]
 [0.         0.01470588]
 [0.         0.01470588]
 [0.         0.01470588]
 [0.         0.01470588]
 [0.         0.01470588]
 [0.         0.01470588]
 [0.         0.01470588]
 [0.         0.01470588]
 [0.         0.01470588]
 [0.         0.01470588]
 [0.         0.01470588]
 [0.         0.01470588]
 [0.         0.01470588]
 [0.         0.01470588]
 [0.         0.01470588]
 [0.         0.01470588]
 [0.         0.01470588]
 [0.         0.01470588]
 [0.         0.01470588]
 [0.         0.01470588]
 [0.         0.01470588]
 [0.         0.01470588]
 [0.         0.01470588]
 [0.         0.01470588]
 [0.         0.01470588]
 [0.         0.01470588]
 [0.         0.01470588]
 [0.         0.01470588]
 [0.         0.01470588]
 [0.         0.01470588]
 [0.         0.01470588]
 [0.         0.01470588]
 [0.         0.01470588]
 [0.         0.99509804]
 [0.         0.01470588]
 [0.         0.99509804]
 [0.         0.01470588]
 [0.         0.99509804]
 [0.         0.01470588]
 [0.         0.99509804]
 [0.         0.01470588]
 [0.         0.99509804]
 [0.         0.01470588]
 [0.         0.99509804]
 [0.         0.01470588]
 [0.         0.99509804]
 [0.         0.01470588]
 [0.         0.99509804]
 [0.         0.01470588]
 [0.         0.99509804]
 [0.         0.01470588]
 [0.         0.99509804]
 [0.         0.01470588]
 [0.         0.99509804]
 [0.         0.01470588]
 [0.         0.99509804]
 [0.         0.01470588]
 [0.         0.99509804]
 [0.         0.01470588]
 [0.         0.99509804]
 [0.         0.01470588]
 [0.         0.01470588]
 [0.         0.01470588]
 [0.         0.01470588]
 [0.         0.01470588]
 [0.         0.01470588]
 [0.         0.01470588]
 [0.         0.01470588]
 [0.         0.01470588]
 [0.         0.01470588]
 [0.         0.01470588]
 [0.         0.01470588]
 [0.         0.01470588]
 [0.         0.01470588]
 [0.         0.01470588]
 [0.         0.01470588]
 [0.         0.01470588]
 [0.         0.01470588]
 [0.         0.01470588]
 [0.         0.01470588]
 [0.         0.01470588]
 [0.         0.01470588]
 [0.         0.01470588]
 [0.         0.01470588]
 [0.         0.01470588]
 [0.         0.01470588]
 [0.         0.01470588]
 [0.         0.01470588]
 [0.         0.01470588]
 [0.         0.01470588]
 [0.         0.01470588]
 [0.         0.01470588]
 [0.         0.01470588]
 [0.         0.01470588]
 [0.         0.01470588]
 [0.         0.01470588]
 [0.         0.01470588]
 [0.         0.01470588]
 [0.         0.01470588]
 [0.         0.01470588]
 [0.         0.01470588]
 [0.         0.01470588]
 [0.         0.01470588]
 [0.         0.01470588]
 [0.         0.01470588]
 [0.         0.01470588]
 [0.         0.01470588]
 [0.         0.01470588]
 [0.         0.01470588]
 [0.         0.01470588]
 [0.         0.01470588]
 [0.         0.01470588]
 [0.         0.01470588]
 [0.         0.01470588]
 [0.         0.01470588]
 [0.         0.01470588]
 [0.         0.01470588]
 [0.         0.01470588]
 [0.         0.01470588]
 [0.         0.01470588]
 [0.         0.01470588]
 [0.         0.01470588]
 [0.         0.01470588]
 [0.         0.01470588]
 [0.         0.01470588]
 [0.         0.01470588]
 [0.         0.01470588]
 [0.         0.01470588]
 [0.         0.01470588]
 [0.         0.01470588]
 [0.         0.01470588]
 [0.         0.01470588]
 [0.         0.01470588]
 [0.         0.01470588]
 [0.         0.01470588]
 [0.         0.01470588]
 [0.         0.01470588]
 [0.         0.01470588]
 [0.         0.01470588]
 [0.         0.01470588]]



