######################## Base HostGuest_dataset_trat_env reduction for dim 1


Atributos da base: ['pH', 'Temp (C)', 'SlogP', 'SMR', 'LabuteASA', 'TPSA', 'AMW', 'NumLipinskiHBA', 'NumLipinskiHBD', 'NumRotatableBonds', 'HOST_SlogP', 'HOST_SMR', 'HOST_LabuteASA', 'HOST_TPSA', 'HOST_AMW', 'HOST_NumLipinskiHBA', 'HOST_NumLipinskiHBD', 'HOST_NumRotatableBonds']

Resultados PCA: [[ 0.52309203 -0.0763923   0.05999655  0.08573141  0.08432389  0.06975006
   0.08409722  0.08087801  0.04739871  0.0847436   0.36264742  0.15635553
   0.1311728  -0.3249705   0.07838905  0.18759184 -0.57764795 -0.14417749]]

Variance PCA: [0.31086254]



Depois do PCA
[[ 0.8751888 ]
 [ 0.86764944]
 [ 0.88624974]
 [ 0.89121294]
 [ 0.87855414]
 [ 0.86698442]
 [ 0.86194668]
 [ 0.89716895]
 [ 0.88196409]
 [ 0.87149887]
 [ 0.96657166]
 [ 0.95317003]
 [ 0.95964956]
 [ 0.96545588]
 [ 0.96261458]
 [ 0.95680826]
 [ 0.95775851]
 [ 0.95831358]
 [ 0.96127901]
 [ 0.95070765]
 [ 0.95510118]
 [ 0.96318568]
 [ 0.96159693]
 [ 0.96386887]
 [ 0.848309  ]
 [ 0.84034501]
 [ 0.85426683]
 [ 0.8328447 ]
 [ 0.8380464 ]
 [ 0.87427298]
 [ 0.84800646]
 [ 0.5205852 ]
 [ 0.52999348]
 [ 0.5793043 ]
 [ 0.58871258]
 [ 0.59818078]
 [ 0.60377519]
 [ 0.60377519]
 [ 0.58887049]
 [ 0.59587657]
 [ 0.59441521]
 [ 0.61351207]
 [ 0.59159318]
 [ 1.08673488]
 [ 1.09128795]
 [ 1.09723425]
 [ 1.071756  ]
 [ 1.07630906]
 [ 1.08225537]
 [ 0.59930916]
 [ 0.59930916]
 [ 0.59930916]
 [ 0.57123248]
 [ 0.51251338]
 [ 0.60377519]
 [ 0.60377519]
 [ 0.59389248]
 [ 0.60005932]
 [ 0.60377519]
 [ 0.60377519]
 [ 0.60377519]
 [ 0.5944649 ]
 [ 0.60377519]
 [ 0.59159318]
 [ 0.5944649 ]
 [ 0.59145957]
 [ 0.60110013]
 [ 0.5944649 ]
 [ 0.59029051]
 [ 0.59145957]
 [ 0.59178985]
 [ 0.59818078]
 [ 0.60110013]
 [ 0.59178985]
 [ 0.59145957]
 [ 0.59818078]
 [ 0.59382091]
 [ 0.59546365]
 [ 0.59382091]
 [ 0.58887049]
 [ 0.59587657]
 [ 0.59178985]
 [ 0.62152834]
 [ 0.59441521]
 [ 0.59382091]
 [ 0.58911479]
 [-0.32632573]
 [-0.32311394]
 [-0.31990216]
 [-0.31669037]
 [-0.1919742 ]
 [-0.18876242]
 [-0.18555063]
 [-0.18233884]
 [-0.17912706]
 [-0.17591527]
 [-0.19369108]
 [-0.19047929]
 [ 0.01351705]
 [ 0.01648249]
 [ 0.01944793]
 [ 0.02241337]
 [ 0.0204255 ]
 [ 0.0204255 ]
 [ 0.02432004]
 [ 0.02432004]
 [ 0.08648848]
 [ 0.08945392]
 [ 0.09241936]
 [ 0.0953848 ]
 [ 0.09339693]
 [ 0.09339693]
 [ 0.09729147]
 [ 0.09729147]
 [ 0.08294169]
 [ 0.08590713]
 [ 0.08887257]
 [ 0.09183801]
 [ 0.08985014]
 [ 0.08985014]
 [ 0.09374468]
 [ 0.09374468]
 [ 0.08573803]
 [ 0.08870347]
 [ 0.0916689 ]
 [ 0.09463434]
 [ 0.09264648]
 [ 0.09264648]
 [ 0.09654101]
 [ 0.09654101]
 [ 0.11315988]
 [ 0.11612532]
 [ 0.11909076]
 [ 0.1220562 ]
 [ 0.12006833]
 [ 0.12006833]
 [ 0.12396287]
 [ 0.12396287]
 [ 0.1051515 ]
 [ 0.10811694]
 [ 0.11108238]
 [ 0.11404781]
 [ 0.11205995]
 [ 0.11205995]
 [ 0.11595448]
 [ 0.11595448]
 [ 0.07406343]
 [ 0.07406343]
 [ 0.07795796]
 [ 0.07795796]
 [-0.21126716]
 [-0.20484359]
 [-0.19842002]
 [-0.24936721]
 [-0.24294364]
 [ 0.02457543]
 [-0.02319097]
 [ 0.07431499]
 [ 0.03742258]
 [-0.01034383]
 [ 0.08716213]
 [ 0.08716213]
 [ 0.08716213]
 [ 0.08716213]
 [-0.21428704]
 [-0.22229131]
 [-0.26205344]
 [-0.27005771]
 [-0.23345805]
 [-0.24146233]
 [-0.30259918]
 [-0.30259918]
 [-0.30259918]
 [-0.30259918]
 [-0.30259918]
 [-0.30259918]
 [-0.30259918]
 [-0.30259918]
 [-0.29700476]
 [-0.29700476]
 [-0.29700476]
 [-0.29700476]
 [-0.30668387]
 [-0.30668387]
 [-0.31227829]
 [-0.31227829]
 [-0.3090665 ]
 [-0.3090665 ]
 [-0.30615501]
 [-0.30615501]
 [-0.30003174]
 [-0.30113915]
 [-0.30113915]
 [-0.29501588]
 [-0.29501588]
 [-0.28889261]
 [-0.30319998]
 [-0.30319998]
 [-0.29760556]
 [-0.29760556]
 [-0.29206085]
 [-0.29206085]
 [-0.29783457]
 [-0.29783457]
 [-0.30465429]
 [-0.30465429]
 [-0.30465429]
 [-0.30465429]
 [-0.25668813]
 [-0.25668813]
 [-0.25668813]
 [-0.25668813]
 [-0.25347635]
 [-0.25347635]
 [-0.25026456]
 [-0.25026456]
 [-0.25979993]
 [-0.25979993]
 [-0.25979993]
 [-0.25979993]
 [-0.24445824]
 [-0.24445824]
 [-0.25337635]
 [-0.25337635]
 [-0.25337635]
 [-0.25337635]
 [-0.30033817]
 [-0.30033817]
 [-0.29737273]
 [-0.29737273]
 [-0.29737273]
 [-0.29737273]
 [-0.29440729]
 [-0.29440729]
 [-0.30097177]
 [-0.30097177]
 [-0.29286418]
 [-0.29286418]
 [-0.28384721]
 [-0.28384721]
 [-0.28410396]
 [-0.28410396]
 [-0.30370945]
 [-0.30370945]
 [-0.30240069]
 [-0.30240069]
 [-0.29680627]
 [-0.29680627]
 [-0.29680627]
 [-0.29680627]
 [-0.29027079]
 [-0.29027079]
 [-0.28467637]
 [-0.28467637]
 [-0.29653417]
 [-0.29653417]
 [-0.29653417]
 [-0.29653417]
 [-0.29653417]
 [-0.29653417]
 [-0.29093975]
 [-0.29093975]
 [-0.29982582]
 [-0.29982582]
 [-0.286201  ]
 [-0.286201  ]
 [-0.34901397]
 [-0.34901397]
 [-0.35147585]
 [-0.35147585]
 [-0.35399158]
 [-0.35399158]
 [-0.35399158]
 [-0.35399158]
 [-0.24767003]
 [-0.32256443]
 [-0.24445824]
 [-0.31935265]
 [-0.24124645]
 [-0.31614086]
 [-0.23803466]
 [-0.31292907]
 [-0.25979993]
 [-0.33469434]
 [-0.25658814]
 [-0.33148255]
 [-0.29027079]
 [-0.36516519]
 [-0.28467637]
 [-0.35957078]
 [-0.30240069]
 [-0.3772951 ]
 [-0.29680627]
 [-0.37170068]
 [-0.29680627]
 [-0.37170068]
 [-0.29847173]
 [-0.37336614]
 [-0.29737273]
 [-0.37226714]
 [-0.29521911]
 [-0.37011352]
 [-0.33316144]
 [-0.33316144]
 [-0.33870616]
 [-0.33870616]
 [-0.34873818]
 [-0.34873818]
 [-0.34063059]
 [-0.34063059]
 [-0.34457268]
 [-0.34457268]
 [-0.34354724]
 [-0.34354724]
 [-0.34091816]
 [-0.37980092]
 [-0.35575813]
 [-0.35086315]
 [-0.35086315]
 [-0.34430057]
 [-0.34430057]
 [-0.34391013]
 [-0.34391013]
 [-0.33930696]
 [-0.33930696]
 [-0.34623814]
 [-0.34623814]
 [-0.34623814]
 [-0.34623814]
 [-0.34870697]
 [-0.34870697]
 [-0.3501671 ]
 [-0.35147585]
 [-0.3380261 ]
 [-0.3380261 ]
 [-0.33299464]
 [-0.33299464]
 [-0.34759223]
 [-0.34759223]
 [-0.34901397]
 [-0.34901397]
 [-0.34972855]
 [-0.34972855]
 [-0.33583923]
 [-0.33583923]
 [-0.34534007]
 [-0.34534007]
 [-0.34513914]
 [-0.33396741]
 [-0.33396741]
 [-0.34094308]
 [-0.34094308]
 [-0.33187037]
 [-0.33161362]
 [-0.29315175]
 [-0.33203452]
 [-0.30799173]
 [-0.30370945]
 [-0.22395652]
 [-0.22395652]
 [-0.23418846]
 [-0.23418846]
 [-0.19772557]
 [-0.19772557]
 [-0.27871209]
 [-0.27871209]
 [-0.2422492 ]
 [-0.2422492 ]
 [-0.17404537]
 [-0.17404537]
 [-0.13758248]
 [-0.13758248]
 [-0.17404537]
 [-0.17404537]
 [-0.13758248]
 [-0.13758248]
 [-0.17404537]
 [-0.17404537]
 [-0.13758248]
 [-0.13758248]
 [-0.28677282]
 [-0.28677282]]


Antes do PCA
['pH', 'Temp (C)', 'SlogP', 'SMR', 'LabuteASA', 'TPSA', 'AMW', 'NumLipinskiHBA', 'NumLipinskiHBD', 'NumRotatableBonds', 'HOST_SlogP', 'HOST_SMR', 'HOST_LabuteASA', 'HOST_TPSA', 'HOST_AMW', 'HOST_NumLipinskiHBA', 'HOST_NumLipinskiHBD', 'HOST_NumRotatableBonds'][[1.         0.         0.36661064 ... 0.         0.         1.        ]
 [1.         0.         0.28070962 ... 0.         0.         1.        ]
 [1.         0.         0.08528478 ... 0.         0.         1.        ]
 ...
 [0.         0.01470588 0.59943044 ... 0.23333333 0.55882353 0.45      ]
 [0.         0.01470588 0.59943044 ... 0.4        0.70588235 0.4       ]
 [0.         0.01470588 0.59943044 ... 0.4        0.70588235 0.4       ]]



