######################## Base HostGuest_dataset_trat_env reduction for dim 2


Atributos da base: ['pH', 'Temp (C)', 'SlogP', 'SMR', 'LabuteASA', 'TPSA', 'AMW', 'NumLipinskiHBA', 'NumLipinskiHBD', 'NumRotatableBonds', 'HOST_SlogP', 'HOST_SMR', 'HOST_LabuteASA', 'HOST_TPSA', 'HOST_AMW', 'HOST_NumLipinskiHBA', 'HOST_NumLipinskiHBD', 'HOST_NumRotatableBonds']

Resultados PCA: [[ 0.52309203 -0.0763923   0.05999655  0.08573141  0.08432389  0.06975006
   0.08409722  0.08087801  0.04739871  0.0847436   0.36264742  0.15635553
   0.1311728  -0.3249705   0.07838905  0.18759184 -0.57764795 -0.14417749]
 [-0.11612986 -0.13292639  0.1348625   0.0933692   0.0935003   0.09327173
   0.09333134  0.08975177  0.04201416  0.09289857 -0.1826946   0.41127988
   0.43360264  0.29012624  0.42630029  0.46466321  0.15574861 -0.0268506 ]]

Variance PCA: [0.31086254 0.22727459]



Depois do PCA
[[ 8.75188795e-01 -4.72129200e-01]
 [ 8.67649440e-01 -4.86343858e-01]
 [ 8.86249740e-01 -4.82879485e-01]
 [ 8.91212937e-01 -4.35305282e-01]
 [ 8.78554138e-01 -4.39633785e-01]
 [ 8.66984424e-01 -4.88246393e-01]
 [ 8.61946685e-01 -4.90737473e-01]
 [ 8.97168948e-01 -3.98974094e-01]
 [ 8.81964090e-01 -4.46021203e-01]
 [ 8.71498874e-01 -4.49230452e-01]
 [ 9.66571660e-01 -2.68509948e-01]
 [ 9.53170035e-01 -2.73537751e-01]
 [ 9.59649558e-01 -2.70288307e-01]
 [ 9.65455879e-01 -2.70641494e-01]
 [ 9.62614581e-01 -2.75363788e-01]
 [ 9.56808260e-01 -2.75010601e-01]
 [ 9.57758508e-01 -2.65053284e-01]
 [ 9.58313575e-01 -2.63525527e-01]
 [ 9.61279014e-01 -2.57754024e-01]
 [ 9.50707646e-01 -2.90781205e-01]
 [ 9.55101185e-01 -2.70493172e-01]
 [ 9.63185683e-01 -2.54998192e-01]
 [ 9.61596930e-01 -2.58326783e-01]
 [ 9.63868873e-01 -2.62220828e-01]
 [ 8.48309000e-01 -3.12808488e-01]
 [ 8.40345008e-01 -3.35924164e-01]
 [ 8.54266830e-01 -3.08848602e-01]
 [ 8.32844702e-01 -3.46301748e-01]
 [ 8.38046400e-01 -3.32544190e-01]
 [ 8.74272976e-01 -2.78160347e-01]
 [ 8.48006457e-01 -3.16211813e-01]
 [ 5.20585201e-01 -1.96920069e-01]
 [ 5.29993476e-01 -1.79932558e-01]
 [ 5.79304305e-01  1.35975621e-01]
 [ 5.88712580e-01  1.52963132e-01]
 [ 5.98180775e-01  1.73306590e-01]
 [ 6.03775191e-01  1.76865374e-01]
 [ 6.03775191e-01  1.76865374e-01]
 [ 5.88870487e-01  1.55646768e-01]
 [ 5.95876575e-01  1.67258585e-01]
 [ 5.94415205e-01  1.66668002e-01]
 [ 6.13512073e-01  1.78883990e-01]
 [ 5.91593180e-01  1.57192929e-01]
 [ 1.08673488e+00  7.42913793e-01]
 [ 1.09128795e+00  7.51227786e-01]
 [ 1.09723425e+00  7.59670213e-01]
 [ 1.07175600e+00  7.16849795e-01]
 [ 1.07630906e+00  7.25163789e-01]
 [ 1.08225537e+00  7.33606215e-01]
 [ 5.99309162e-01  1.28063586e-01]
 [ 5.99309162e-01  1.28063586e-01]
 [ 5.99309162e-01  1.28063586e-01]
 [ 5.71232482e-01  1.20763734e-01]
 [ 5.12513378e-01 -2.12131956e-01]
 [ 6.03775191e-01  1.76865374e-01]
 [ 6.03775191e-01  1.76865374e-01]
 [ 5.93892484e-01  1.56606177e-01]
 [ 6.00059318e-01  1.62764337e-01]
 [ 6.03775191e-01  1.76865374e-01]
 [ 6.03775191e-01  1.76865374e-01]
 [ 6.03775191e-01  1.76865374e-01]
 [ 5.94464902e-01  1.59205552e-01]
 [ 6.03775191e-01  1.76865374e-01]
 [ 5.91593180e-01  1.57192929e-01]
 [ 5.94464902e-01  1.59205552e-01]
 [ 5.91459567e-01  1.58034294e-01]
 [ 6.01100135e-01  1.76720158e-01]
 [ 5.94464902e-01  1.59205552e-01]
 [ 5.90290514e-01  1.54749823e-01]
 [ 5.91459567e-01  1.58034294e-01]
 [ 5.91789846e-01  1.59060336e-01]
 [ 5.98180775e-01  1.73306590e-01]
 [ 6.01100135e-01  1.76720158e-01]
 [ 5.91789846e-01  1.59060336e-01]
 [ 5.91459567e-01  1.58034294e-01]
 [ 5.98180775e-01  1.73306590e-01]
 [ 5.93820907e-01  1.65299106e-01]
 [ 5.95463651e-01  1.67813974e-01]
 [ 5.93820907e-01  1.65299106e-01]
 [ 5.88870487e-01  1.55646768e-01]
 [ 5.95876575e-01  1.67258585e-01]
 [ 5.91789846e-01  1.59060336e-01]
 [ 6.21528339e-01  1.71220059e-01]
 [ 5.94415205e-01  1.66668002e-01]
 [ 5.93820907e-01  1.65299106e-01]
 [ 5.89114790e-01  1.58915119e-01]
 [-3.26325731e-01  1.58773211e+00]
 [-3.23113944e-01  1.59377367e+00]
 [-3.19902157e-01  1.59981523e+00]
 [-3.16690370e-01  1.60585678e+00]
 [-1.91974204e-01  1.55084698e+00]
 [-1.88762417e-01  1.55688854e+00]
 [-1.85550630e-01  1.56293010e+00]
 [-1.82338843e-01  1.56897165e+00]
 [-1.79127056e-01  1.57501321e+00]
 [-1.75915270e-01  1.58105477e+00]
 [-1.93691078e-01  1.55626879e+00]
 [-1.90479292e-01  1.56231034e+00]
 [ 1.35170509e-02 -1.65900316e-01]
 [ 1.64824900e-02 -1.60128814e-01]
 [ 1.94479291e-02 -1.54357312e-01]
 [ 2.24133683e-02 -1.48585809e-01]
 [ 2.04254996e-02 -1.47809588e-01]
 [ 2.04254996e-02 -1.47809588e-01]
 [ 2.43200371e-02 -1.45829977e-01]
 [ 2.43200371e-02 -1.45829977e-01]
 [ 8.64884848e-02 -7.52159830e-02]
 [ 8.94539239e-02 -6.94444808e-02]
 [ 9.24193631e-02 -6.36729786e-02]
 [ 9.53848022e-02 -5.79014764e-02]
 [ 9.33969336e-02 -5.71252547e-02]
 [ 9.33969336e-02 -5.71252547e-02]
 [ 9.72914710e-02 -5.51456441e-02]
 [ 9.72914710e-02 -5.51456441e-02]
 [ 8.29416888e-02 -1.77360729e-02]
 [ 8.59071279e-02 -1.19645706e-02]
 [ 8.88725671e-02 -6.19306844e-03]
 [ 9.18380062e-02 -4.21566232e-04]
 [ 8.98501376e-02  3.54655474e-04]
 [ 8.98501376e-02  3.54655474e-04]
 [ 9.37446750e-02  2.33426604e-03]
 [ 9.37446750e-02  2.33426604e-03]
 [ 8.57380265e-02  3.96373245e-02]
 [ 8.87034657e-02  4.54088267e-02]
 [ 9.16689048e-02  5.11803289e-02]
 [ 9.46343440e-02  5.69518311e-02]
 [ 9.26464753e-02  5.77280528e-02]
 [ 9.26464753e-02  5.77280528e-02]
 [ 9.65410128e-02  5.97076634e-02]
 [ 9.65410128e-02  5.97076634e-02]
 [ 1.13159881e-01 -1.78951631e-02]
 [ 1.16125320e-01 -1.21236609e-02]
 [ 1.19090760e-01 -6.35215866e-03]
 [ 1.22056199e-01 -5.80656455e-04]
 [ 1.20068330e-01  1.95565250e-04]
 [ 1.20068330e-01  1.95565250e-04]
 [ 1.23962868e-01  2.17517582e-03]
 [ 1.23962868e-01  2.17517582e-03]
 [ 1.05151497e-01 -4.45492250e-02]
 [ 1.08116937e-01 -3.87777228e-02]
 [ 1.11082376e-01 -3.30062206e-02]
 [ 1.14047815e-01 -2.72347183e-02]
 [ 1.12059946e-01 -2.64584966e-02]
 [ 1.12059946e-01 -2.64584966e-02]
 [ 1.15954484e-01 -2.44788861e-02]
 [ 1.15954484e-01 -2.44788861e-02]
 [ 7.40634269e-02  4.81300161e-02]
 [ 7.40634269e-02  4.81300161e-02]
 [ 7.79579643e-02  5.01096267e-02]
 [ 7.79579643e-02  5.01096267e-02]
 [-2.11267163e-01 -5.63375188e-01]
 [-2.04843589e-01 -5.51292076e-01]
 [-1.98420016e-01 -5.39208964e-01]
 [-2.49367213e-01 -2.09208117e-01]
 [-2.42943640e-01 -1.97125004e-01]
 [ 2.45754346e-02 -1.41058206e-01]
 [-2.31909731e-02 -1.21113374e-01]
 [ 7.43149858e-02  5.30145325e-02]
 [ 3.74225818e-02 -1.16891981e-01]
 [-1.03438259e-02 -9.69471488e-02]
 [ 8.71621330e-02  7.71807573e-02]
 [ 8.71621330e-02  7.71807573e-02]
 [ 8.71621330e-02  7.71807573e-02]
 [ 8.71621330e-02  7.71807573e-02]
 [-2.14287036e-01 -1.54765907e-01]
 [-2.22291307e-01 -1.64926072e-01]
 [-2.62053444e-01 -1.34821074e-01]
 [-2.70057715e-01 -1.44981240e-01]
 [-2.33458054e-01 -1.43126153e-01]
 [-2.41462325e-01 -1.53286319e-01]
 [-3.02599179e-01  2.92921372e-01]
 [-3.02599179e-01  2.92921372e-01]
 [-3.02599179e-01  2.92921372e-01]
 [-3.02599179e-01  2.92921372e-01]
 [-3.02599179e-01  2.92921372e-01]
 [-3.02599179e-01  2.92921372e-01]
 [-3.02599179e-01  2.92921372e-01]
 [-3.02599179e-01  2.92921372e-01]
 [-2.97004764e-01  2.96480156e-01]
 [-2.97004764e-01  2.96480156e-01]
 [-2.97004764e-01  2.96480156e-01]
 [-2.97004764e-01  2.96480156e-01]
 [-3.06683873e-01  2.95968934e-01]
 [-3.06683873e-01  2.95968934e-01]
 [-3.12278288e-01  2.92410150e-01]
 [-3.12278288e-01  2.92410150e-01]
 [-3.09066501e-01  2.98451706e-01]
 [-3.09066501e-01  2.98451706e-01]
 [-3.06155015e-01  2.92901948e-01]
 [-3.06155015e-01  2.92901948e-01]
 [-3.00031741e-01  2.93393746e-01]
 [-3.01139155e-01  3.06990168e-01]
 [-3.01139155e-01  3.06990168e-01]
 [-2.95015881e-01  3.07481966e-01]
 [-2.95015881e-01  3.07481966e-01]
 [-2.88892608e-01  3.07973764e-01]
 [-3.03199979e-01  2.98651734e-01]
 [-3.03199979e-01  2.98651734e-01]
 [-2.97605563e-01  3.02210518e-01]
 [-2.97605563e-01  3.02210518e-01]
 [-2.92060845e-01  3.13231752e-01]
 [-2.92060845e-01  3.13231752e-01]
 [-2.97834571e-01  3.08645266e-01]
 [-2.97834571e-01  3.08645266e-01]
 [-3.04654294e-01  3.01064811e-01]
 [-3.04654294e-01  3.01064811e-01]
 [-3.04654294e-01  3.01064811e-01]
 [-3.04654294e-01  3.01064811e-01]
 [-2.56688133e-01 -4.40187445e-01]
 [-2.56688133e-01 -4.40187445e-01]
 [-2.56688133e-01 -4.40187445e-01]
 [-2.56688133e-01 -4.40187445e-01]
 [-2.53476346e-01 -4.34145889e-01]
 [-2.53476346e-01 -4.34145889e-01]
 [-2.50264559e-01 -4.28104332e-01]
 [-2.50264559e-01 -4.28104332e-01]
 [-2.59799928e-01 -4.45262085e-01]
 [-2.59799928e-01 -4.45262085e-01]
 [-2.59799928e-01 -4.45262085e-01]
 [-2.59799928e-01 -4.45262085e-01]
 [-2.44458239e-01 -4.28457519e-01]
 [-2.44458239e-01 -4.28457519e-01]
 [-2.53376355e-01 -4.33178972e-01]
 [-2.53376355e-01 -4.33178972e-01]
 [-2.53376355e-01 -4.33178972e-01]
 [-2.53376355e-01 -4.33178972e-01]
 [-3.00338169e-01 -9.62223985e-02]
 [-3.00338169e-01 -9.62223985e-02]
 [-2.97372730e-01 -9.04508962e-02]
 [-2.97372730e-01 -9.04508962e-02]
 [-2.97372730e-01 -9.04508962e-02]
 [-2.97372730e-01 -9.04508962e-02]
 [-2.94407291e-01 -8.46793940e-02]
 [-2.94407291e-01 -8.46793940e-02]
 [-3.00971770e-01 -1.02018608e-01]
 [-3.00971770e-01 -1.02018608e-01]
 [-2.92864178e-01 -8.61099636e-02]
 [-2.92864178e-01 -8.61099636e-02]
 [-2.83847212e-01 -7.78749852e-02]
 [-2.83847212e-01 -7.78749852e-02]
 [-2.84103963e-01 -7.81667551e-02]
 [-2.84103963e-01 -7.81667551e-02]
 [-3.03709446e-01 -1.02228308e-01]
 [-3.03709446e-01 -1.02228308e-01]
 [-3.02400689e-01 -1.00721107e-01]
 [-3.02400689e-01 -1.00721107e-01]
 [-2.96806273e-01 -9.71623224e-02]
 [-2.96806273e-01 -9.71623224e-02]
 [-2.96806273e-01 -9.71623224e-02]
 [-2.96806273e-01 -9.71623224e-02]
 [-2.90270786e-01 -8.99580976e-02]
 [-2.90270786e-01 -8.99580976e-02]
 [-2.84676370e-01 -8.63993132e-02]
 [-2.84676370e-01 -8.63993132e-02]
 [-2.96534166e-01 -1.00521079e-01]
 [-2.96534166e-01 -1.00521079e-01]
 [-2.96534166e-01 -1.00521079e-01]
 [-2.96534166e-01 -1.00521079e-01]
 [-2.96534166e-01 -1.00521079e-01]
 [-2.96534166e-01 -1.00521079e-01]
 [-2.90939751e-01 -9.69622945e-02]
 [-2.90939751e-01 -9.69622945e-02]
 [-2.99825817e-01 -1.03036919e-01]
 [-2.99825817e-01 -1.03036919e-01]
 [-2.86201002e-01 -8.08105517e-02]
 [-2.86201002e-01 -8.08105517e-02]
 [-3.49013973e-01 -8.59917505e-02]
 [-3.49013973e-01 -8.59917505e-02]
 [-3.51475854e-01 -8.22834756e-02]
 [-3.51475854e-01 -8.22834756e-02]
 [-3.53991584e-01 -8.70350018e-02]
 [-3.53991584e-01 -8.70350018e-02]
 [-3.53991584e-01 -8.70350018e-02]
 [-3.53991584e-01 -8.70350018e-02]
 [-2.47670025e-01 -4.34499076e-01]
 [-3.22564434e-01 -5.64819064e-01]
 [-2.44458239e-01 -4.28457519e-01]
 [-3.19352647e-01 -5.58777508e-01]
 [-2.41246452e-01 -4.22415963e-01]
 [-3.16140860e-01 -5.52735952e-01]
 [-2.38034665e-01 -4.16374407e-01]
 [-3.12929074e-01 -5.46694395e-01]
 [-2.59799928e-01 -4.45262085e-01]
 [-3.34694337e-01 -5.75582073e-01]
 [-2.56588142e-01 -4.39220529e-01]
 [-3.31482550e-01 -5.69540517e-01]
 [-2.90270786e-01 -8.99580976e-02]
 [-3.65165194e-01 -2.20278086e-01]
 [-2.84676370e-01 -8.63993132e-02]
 [-3.59570779e-01 -2.16719302e-01]
 [-3.02400689e-01 -1.00721107e-01]
 [-3.77295097e-01 -2.31041095e-01]
 [-2.96806273e-01 -9.71623224e-02]
 [-3.71700682e-01 -2.27482311e-01]
 [-2.96806273e-01 -9.71623224e-02]
 [-3.71700682e-01 -2.27482311e-01]
 [-2.98471728e-01 -9.27908955e-02]
 [-3.73366137e-01 -2.23110884e-01]
 [-2.97372730e-01 -9.04508962e-02]
 [-3.72267139e-01 -2.20770885e-01]
 [-2.95219110e-01 -8.64989210e-02]
 [-3.70113518e-01 -2.16818909e-01]
 [-3.33161440e-01 -6.59962279e-02]
 [-3.33161440e-01 -6.59962279e-02]
 [-3.38706158e-01 -7.70174619e-02]
 [-3.38706158e-01 -7.70174619e-02]
 [-3.48738177e-01 -8.20737755e-02]
 [-3.48738177e-01 -8.20737755e-02]
 [-3.40630586e-01 -6.61651310e-02]
 [-3.40630586e-01 -6.61651310e-02]
 [-3.44572681e-01 -7.72174897e-02]
 [-3.44572681e-01 -7.72174897e-02]
 [-3.43547243e-01 -7.03024197e-02]
 [-3.43547243e-01 -7.03024197e-02]
 [-3.40918162e-01 -5.18265640e-02]
 [-3.79800924e-01 -1.45529443e-01]
 [-3.55758135e-01 -8.53457525e-02]
 [-3.50863153e-01 -8.20663041e-02]
 [-3.50863153e-01 -8.20663041e-02]
 [-3.44300574e-01 -8.05762462e-02]
 [-3.44300574e-01 -8.05762462e-02]
 [-3.43910130e-01 -7.89352228e-02]
 [-3.43910130e-01 -7.89352228e-02]
 [-3.39306958e-01 -7.12870997e-02]
 [-3.39306958e-01 -7.12870997e-02]
 [-3.46238136e-01 -7.28460629e-02]
 [-3.46238136e-01 -7.28460629e-02]
 [-3.46238136e-01 -7.28460629e-02]
 [-3.46238136e-01 -7.28460629e-02]
 [-3.48706972e-01 -8.64898460e-02]
 [-3.48706972e-01 -8.64898460e-02]
 [-3.50167096e-01 -8.07762741e-02]
 [-3.51475854e-01 -8.22834756e-02]
 [-3.38026103e-01 -7.51809976e-02]
 [-3.38026103e-01 -7.51809976e-02]
 [-3.32994643e-01 -6.56779453e-02]
 [-3.32994643e-01 -6.56779453e-02]
 [-3.47592225e-01 -8.30920863e-02]
 [-3.47592225e-01 -8.30920863e-02]
 [-3.49013973e-01 -8.59917505e-02]
 [-3.49013973e-01 -8.59917505e-02]
 [-3.49728545e-01 -8.17227599e-02]
 [-3.49728545e-01 -8.17227599e-02]
 [-3.35839232e-01 -6.11124897e-02]
 [-3.35839232e-01 -6.11124897e-02]
 [-3.45340069e-01 -7.26605094e-02]
 [-3.45340069e-01 -7.26605094e-02]
 [-3.45139138e-01 -7.05060636e-02]
 [-3.33967410e-01 -6.08657191e-02]
 [-3.33967410e-01 -6.08657191e-02]
 [-3.40943075e-01 -6.81690174e-02]
 [-3.40943075e-01 -6.81690174e-02]
 [-3.31870371e-01 -5.82219225e-02]
 [-3.31613620e-01 -5.79301525e-02]
 [-2.93151754e-01 -7.17713967e-02]
 [-3.32034517e-01 -1.65474275e-01]
 [-3.07991727e-01 -1.05290585e-01]
 [-3.03709446e-01 -1.02228308e-01]
 [-2.23956524e-01 -4.01859462e-01]
 [-2.23956524e-01 -4.01859462e-01]
 [-2.34188465e-01 -4.18069818e-01]
 [-2.34188465e-01 -4.18069818e-01]
 [-1.97725575e-01 -3.71477407e-01]
 [-1.97725575e-01 -3.71477407e-01]
 [-2.78712089e-01 -7.59858588e-02]
 [-2.78712089e-01 -7.59858588e-02]
 [-2.42249198e-01 -2.93934472e-02]
 [-2.42249198e-01 -2.93934472e-02]
 [-1.74045372e-01  2.18597823e-02]
 [-1.74045372e-01  2.18597823e-02]
 [-1.37582482e-01  6.84521939e-02]
 [-1.37582482e-01  6.84521939e-02]
 [-1.74045372e-01  2.18597823e-02]
 [-1.74045372e-01  2.18597823e-02]
 [-1.37582482e-01  6.84521939e-02]
 [-1.37582482e-01  6.84521939e-02]
 [-1.74045372e-01  2.18597823e-02]
 [-1.74045372e-01  2.18597823e-02]
 [-1.37582482e-01  6.84521939e-02]
 [-1.37582482e-01  6.84521939e-02]
 [-2.86772822e-01  3.12690512e-01]
 [-2.86772822e-01  3.12690512e-01]]


Antes do PCA
['pH', 'Temp (C)', 'SlogP', 'SMR', 'LabuteASA', 'TPSA', 'AMW', 'NumLipinskiHBA', 'NumLipinskiHBD', 'NumRotatableBonds', 'HOST_SlogP', 'HOST_SMR', 'HOST_LabuteASA', 'HOST_TPSA', 'HOST_AMW', 'HOST_NumLipinskiHBA', 'HOST_NumLipinskiHBD', 'HOST_NumRotatableBonds'][[1.         0.         0.36661064 ... 0.         0.         1.        ]
 [1.         0.         0.28070962 ... 0.         0.         1.        ]
 [1.         0.         0.08528478 ... 0.         0.         1.        ]
 ...
 [0.         0.01470588 0.59943044 ... 0.23333333 0.55882353 0.45      ]
 [0.         0.01470588 0.59943044 ... 0.4        0.70588235 0.4       ]
 [0.         0.01470588 0.59943044 ... 0.4        0.70588235 0.4       ]]



