######################## Base HostGuest_dataset_trat_env reduction for dim 2


Atributos da base: ['HOST_SlogP', 'HOST_SMR', 'HOST_LabuteASA', 'HOST_TPSA', 'HOST_AMW', 'HOST_NumLipinskiHBA', 'HOST_NumLipinskiHBD', 'HOST_NumRotatableBonds']

Resultados PCA: [[-0.40604569 -0.0535912  -0.03871183  0.45086394  0.02357428 -0.17598771
   0.71143735  0.29967892]
 [-0.09742989  0.46374678  0.48088815  0.2174785   0.46087593  0.52816805
   0.01382213 -0.07305387]]

Variance PCA: [0.47082626 0.39678769]



Depois do PCA
[[-4.64966205e-01 -2.90914214e-01]
 [-4.64966205e-01 -2.90914214e-01]
 [-4.64966205e-01 -2.90914214e-01]
 [-4.64966205e-01 -2.90914214e-01]
 [-4.64966205e-01 -2.90914214e-01]
 [-4.64966205e-01 -2.90914214e-01]
 [-4.64966205e-01 -2.90914214e-01]
 [-4.64966205e-01 -2.90914214e-01]
 [-4.64966205e-01 -2.90914214e-01]
 [-4.64966205e-01 -2.90914214e-01]
 [-7.19610360e-01 -4.80554886e-02]
 [-7.19610360e-01 -4.80554886e-02]
 [-7.19610360e-01 -4.80554886e-02]
 [-7.19610360e-01 -4.80554886e-02]
 [-7.19610360e-01 -4.80554886e-02]
 [-7.19610360e-01 -4.80554886e-02]
 [-7.19610360e-01 -4.80554886e-02]
 [-7.19610360e-01 -4.80554886e-02]
 [-7.19610360e-01 -4.80554886e-02]
 [-7.19610360e-01 -4.80554886e-02]
 [-7.19610360e-01 -4.80554886e-02]
 [-7.19610360e-01 -4.80554886e-02]
 [-7.19610360e-01 -4.80554886e-02]
 [-7.19610360e-01 -4.80554886e-02]
 [-4.67319419e-01 -1.81202848e-01]
 [-4.67319419e-01 -1.81202848e-01]
 [-4.67319419e-01 -1.81202848e-01]
 [-4.67319419e-01 -1.81202848e-01]
 [-4.67319419e-01 -1.81202848e-01]
 [-4.67319419e-01 -1.81202848e-01]
 [-4.67319419e-01 -1.81202848e-01]
 [-7.19610360e-01 -4.80554886e-02]
 [-7.19610360e-01 -4.80554886e-02]
 [-7.15241135e-01  3.10804098e-01]
 [-7.15241135e-01  3.10804098e-01]
 [-7.15241135e-01  3.10804098e-01]
 [-7.15241135e-01  3.10804098e-01]
 [-7.15241135e-01  3.10804098e-01]
 [-7.15241135e-01  3.10804098e-01]
 [-7.15241135e-01  3.10804098e-01]
 [-7.15241135e-01  3.10804098e-01]
 [-7.15241135e-01  3.10804098e-01]
 [-7.15241135e-01  3.10804098e-01]
 [-7.15241135e-01  3.10804098e-01]
 [-7.15241135e-01  3.10804098e-01]
 [-7.15241135e-01  3.10804098e-01]
 [-7.15241135e-01  3.10804098e-01]
 [-7.15241135e-01  3.10804098e-01]
 [-7.15241135e-01  3.10804098e-01]
 [-7.15241135e-01  3.10804098e-01]
 [-7.15241135e-01  3.10804098e-01]
 [-7.15241135e-01  3.10804098e-01]
 [-7.15241135e-01  3.10804098e-01]
 [-7.19610360e-01 -4.80554886e-02]
 [-7.15241135e-01  3.10804098e-01]
 [-7.15241135e-01  3.10804098e-01]
 [-7.15241135e-01  3.10804098e-01]
 [-7.15241135e-01  3.10804098e-01]
 [-7.15241135e-01  3.10804098e-01]
 [-7.15241135e-01  3.10804098e-01]
 [-7.15241135e-01  3.10804098e-01]
 [-7.15241135e-01  3.10804098e-01]
 [-7.15241135e-01  3.10804098e-01]
 [-7.15241135e-01  3.10804098e-01]
 [-7.15241135e-01  3.10804098e-01]
 [-7.15241135e-01  3.10804098e-01]
 [-7.15241135e-01  3.10804098e-01]
 [-7.15241135e-01  3.10804098e-01]
 [-7.15241135e-01  3.10804098e-01]
 [-7.15241135e-01  3.10804098e-01]
 [-7.15241135e-01  3.10804098e-01]
 [-7.15241135e-01  3.10804098e-01]
 [-7.15241135e-01  3.10804098e-01]
 [-7.15241135e-01  3.10804098e-01]
 [-7.15241135e-01  3.10804098e-01]
 [-7.15241135e-01  3.10804098e-01]
 [-7.15241135e-01  3.10804098e-01]
 [-7.15241135e-01  3.10804098e-01]
 [-7.15241135e-01  3.10804098e-01]
 [-7.15241135e-01  3.10804098e-01]
 [-7.15241135e-01  3.10804098e-01]
 [-7.15241135e-01  3.10804098e-01]
 [-7.15241135e-01  3.10804098e-01]
 [-7.15241135e-01  3.10804098e-01]
 [-7.15241135e-01  3.10804098e-01]
 [-7.15241135e-01  3.10804098e-01]
 [ 7.88441213e-01  1.51699707e+00]
 [ 7.88441213e-01  1.51699707e+00]
 [ 7.88441213e-01  1.51699707e+00]
 [ 7.88441213e-01  1.51699707e+00]
 [ 5.82056496e-01  1.53003433e+00]
 [ 5.82056496e-01  1.53003433e+00]
 [ 5.82056496e-01  1.53003433e+00]
 [ 5.82056496e-01  1.53003433e+00]
 [ 5.82056496e-01  1.53003433e+00]
 [ 5.82056496e-01  1.53003433e+00]
 [ 5.82056496e-01  1.53003433e+00]
 [ 5.82056496e-01  1.53003433e+00]
 [ 1.80327550e-01 -1.68079641e-01]
 [ 1.80327550e-01 -1.68079641e-01]
 [ 1.80327550e-01 -1.68079641e-01]
 [ 1.80327550e-01 -1.68079641e-01]
 [ 1.80327550e-01 -1.68079641e-01]
 [ 1.80327550e-01 -1.68079641e-01]
 [ 1.80327550e-01 -1.68079641e-01]
 [ 1.80327550e-01 -1.68079641e-01]
 [ 1.40829731e-01 -5.68790608e-02]
 [ 1.40829731e-01 -5.68790608e-02]
 [ 1.40829731e-01 -5.68790608e-02]
 [ 1.40829731e-01 -5.68790608e-02]
 [ 1.40829731e-01 -5.68790608e-02]
 [ 1.40829731e-01 -5.68790608e-02]
 [ 1.40829731e-01 -5.68790608e-02]
 [ 1.40829731e-01 -5.68790608e-02]
 [ 1.64369243e-01  1.18129126e-03]
 [ 1.64369243e-01  1.18129126e-03]
 [ 1.64369243e-01  1.18129126e-03]
 [ 1.64369243e-01  1.18129126e-03]
 [ 1.64369243e-01  1.18129126e-03]
 [ 1.64369243e-01  1.18129126e-03]
 [ 1.64369243e-01  1.18129126e-03]
 [ 1.64369243e-01  1.18129126e-03]
 [ 1.71108431e-01  6.12059904e-02]
 [ 1.71108431e-01  6.12059904e-02]
 [ 1.71108431e-01  6.12059904e-02]
 [ 1.71108431e-01  6.12059904e-02]
 [ 1.71108431e-01  6.12059904e-02]
 [ 1.71108431e-01  6.12059904e-02]
 [ 1.71108431e-01  6.12059904e-02]
 [ 1.71108431e-01  6.12059904e-02]
 [ 1.27631609e-01  9.08862000e-03]
 [ 1.27631609e-01  9.08862000e-03]
 [ 1.27631609e-01  9.08862000e-03]
 [ 1.27631609e-01  9.08862000e-03]
 [ 1.27631609e-01  9.08862000e-03]
 [ 1.27631609e-01  9.08862000e-03]
 [ 1.27631609e-01  9.08862000e-03]
 [ 1.27631609e-01  9.08862000e-03]
 [ 1.29312302e-01 -2.04881830e-02]
 [ 1.29312302e-01 -2.04881830e-02]
 [ 1.29312302e-01 -2.04881830e-02]
 [ 1.29312302e-01 -2.04881830e-02]
 [ 1.29312302e-01 -2.04881830e-02]
 [ 1.29312302e-01 -2.04881830e-02]
 [ 1.29312302e-01 -2.04881830e-02]
 [ 1.29312302e-01 -2.04881830e-02]
 [ 1.84859318e-01  4.69879383e-02]
 [ 1.84859318e-01  4.69879383e-02]
 [ 1.84859318e-01  4.69879383e-02]
 [ 1.84859318e-01  4.69879383e-02]
 [ 1.80327550e-01 -1.68079641e-01]
 [ 2.39254604e-01 -1.59605142e-01]
 [ 1.96420034e-01  4.36259097e-02]
 [ 1.80327550e-01 -1.68079641e-01]
 [ 2.39254604e-01 -1.59605142e-01]
 [ 1.96420034e-01  4.36259097e-02]
 [ 1.96420034e-01  4.36259097e-02]
 [ 1.96420034e-01  4.36259097e-02]
 [ 1.96420034e-01  4.36259097e-02]
 [ 3.13259334e-01  1.73633639e-01]
 [ 3.13259334e-01  1.73633639e-01]
 [ 3.13259334e-01  1.73633639e-01]
 [ 3.13259334e-01  1.73633639e-01]
 [ 3.13259334e-01  1.73633639e-01]
 [ 3.13259334e-01  1.73633639e-01]
 [ 3.13259334e-01  1.73633639e-01]
 [ 3.13259334e-01  1.73633639e-01]
 [ 3.13259334e-01  1.73633639e-01]
 [ 3.13259334e-01  1.73633639e-01]
 [ 3.13259334e-01  1.73633639e-01]
 [ 3.13259334e-01  1.73633639e-01]
 [ 3.13259334e-01  1.73633639e-01]
 [ 3.13259334e-01  1.73633639e-01]
 [ 3.13259334e-01  1.73633639e-01]
 [ 3.13259334e-01  1.73633639e-01]
 [ 3.13259334e-01  1.73633639e-01]
 [ 3.13259334e-01  1.73633639e-01]
 [ 3.13259334e-01  1.73633639e-01]
 [ 3.13259334e-01  1.73633639e-01]
 [ 3.13259334e-01  1.73633639e-01]
 [ 3.13259334e-01  1.73633639e-01]
 [ 3.13259334e-01  1.73633639e-01]
 [ 3.13259334e-01  1.73633639e-01]
 [ 3.13259334e-01  1.73633639e-01]
 [ 3.13259334e-01  1.73633639e-01]
 [ 3.13259334e-01  1.73633639e-01]
 [ 3.13259334e-01  1.73633639e-01]
 [ 3.13259334e-01  1.73633639e-01]
 [ 3.13259334e-01  1.73633639e-01]
 [ 3.13259334e-01  1.73633639e-01]
 [ 3.13259334e-01  1.73633639e-01]
 [ 3.13259334e-01  1.73633639e-01]
 [ 3.13259334e-01  1.73633639e-01]
 [ 3.13259334e-01  1.73633639e-01]
 [ 3.13259334e-01  1.73633639e-01]
 [ 3.13259334e-01  1.73633639e-01]
 [ 3.13259334e-01  1.73633639e-01]
 [ 4.73957663e-02 -5.09792920e-01]
 [ 4.73957663e-02 -5.09792920e-01]
 [ 4.73957663e-02 -5.09792920e-01]
 [ 4.73957663e-02 -5.09792920e-01]
 [ 4.73957663e-02 -5.09792920e-01]
 [ 4.73957663e-02 -5.09792920e-01]
 [ 4.73957663e-02 -5.09792920e-01]
 [ 4.73957663e-02 -5.09792920e-01]
 [ 4.73957663e-02 -5.09792920e-01]
 [ 4.73957663e-02 -5.09792920e-01]
 [ 4.73957663e-02 -5.09792920e-01]
 [ 4.73957663e-02 -5.09792920e-01]
 [ 4.73957663e-02 -5.09792920e-01]
 [ 4.73957663e-02 -5.09792920e-01]
 [ 4.73957663e-02 -5.09792920e-01]
 [ 4.73957663e-02 -5.09792920e-01]
 [ 4.73957663e-02 -5.09792920e-01]
 [ 4.73957663e-02 -5.09792920e-01]
 [ 1.80327550e-01 -1.68079641e-01]
 [ 1.80327550e-01 -1.68079641e-01]
 [ 1.80327550e-01 -1.68079641e-01]
 [ 1.80327550e-01 -1.68079641e-01]
 [ 1.80327550e-01 -1.68079641e-01]
 [ 1.80327550e-01 -1.68079641e-01]
 [ 1.80327550e-01 -1.68079641e-01]
 [ 1.80327550e-01 -1.68079641e-01]
 [ 1.80327550e-01 -1.68079641e-01]
 [ 1.80327550e-01 -1.68079641e-01]
 [ 1.80327550e-01 -1.68079641e-01]
 [ 1.80327550e-01 -1.68079641e-01]
 [ 1.80327550e-01 -1.68079641e-01]
 [ 1.80327550e-01 -1.68079641e-01]
 [ 1.80327550e-01 -1.68079641e-01]
 [ 1.80327550e-01 -1.68079641e-01]
 [ 1.80327550e-01 -1.68079641e-01]
 [ 1.80327550e-01 -1.68079641e-01]
 [ 1.80327550e-01 -1.68079641e-01]
 [ 1.80327550e-01 -1.68079641e-01]
 [ 1.80327550e-01 -1.68079641e-01]
 [ 1.80327550e-01 -1.68079641e-01]
 [ 1.80327550e-01 -1.68079641e-01]
 [ 1.80327550e-01 -1.68079641e-01]
 [ 1.80327550e-01 -1.68079641e-01]
 [ 1.80327550e-01 -1.68079641e-01]
 [ 1.80327550e-01 -1.68079641e-01]
 [ 1.80327550e-01 -1.68079641e-01]
 [ 1.80327550e-01 -1.68079641e-01]
 [ 1.80327550e-01 -1.68079641e-01]
 [ 1.80327550e-01 -1.68079641e-01]
 [ 1.80327550e-01 -1.68079641e-01]
 [ 1.80327550e-01 -1.68079641e-01]
 [ 1.80327550e-01 -1.68079641e-01]
 [ 1.80327550e-01 -1.68079641e-01]
 [ 1.80327550e-01 -1.68079641e-01]
 [ 1.80327550e-01 -1.68079641e-01]
 [ 1.80327550e-01 -1.68079641e-01]
 [ 1.80327550e-01 -1.68079641e-01]
 [ 1.80327550e-01 -1.68079641e-01]
 [ 2.39254604e-01 -1.59605142e-01]
 [ 2.39254604e-01 -1.59605142e-01]
 [ 2.39254604e-01 -1.59605142e-01]
 [ 2.39254604e-01 -1.59605142e-01]
 [ 2.39254604e-01 -1.59605142e-01]
 [ 2.39254604e-01 -1.59605142e-01]
 [ 2.39254604e-01 -1.59605142e-01]
 [ 2.39254604e-01 -1.59605142e-01]
 [ 4.73957663e-02 -5.09792920e-01]
 [ 4.73957663e-02 -5.09792920e-01]
 [ 4.73957663e-02 -5.09792920e-01]
 [ 4.73957663e-02 -5.09792920e-01]
 [ 4.73957663e-02 -5.09792920e-01]
 [ 4.73957663e-02 -5.09792920e-01]
 [ 1.80327550e-01 -1.68079641e-01]
 [ 1.80327550e-01 -1.68079641e-01]
 [ 1.80327550e-01 -1.68079641e-01]
 [ 1.80327550e-01 -1.68079641e-01]
 [ 1.80327550e-01 -1.68079641e-01]
 [ 1.80327550e-01 -1.68079641e-01]
 [ 1.80327550e-01 -1.68079641e-01]
 [ 1.80327550e-01 -1.68079641e-01]
 [ 2.39254604e-01 -1.59605142e-01]
 [ 2.39254604e-01 -1.59605142e-01]
 [ 2.39254604e-01 -1.59605142e-01]
 [ 2.39254604e-01 -1.59605142e-01]
 [ 2.39254604e-01 -1.59605142e-01]
 [ 2.39254604e-01 -1.59605142e-01]
 [ 2.39254604e-01 -1.59605142e-01]
 [ 2.39254604e-01 -1.59605142e-01]
 [ 2.39254604e-01 -1.59605142e-01]
 [ 2.39254604e-01 -1.59605142e-01]
 [ 2.39254604e-01 -1.59605142e-01]
 [ 2.39254604e-01 -1.59605142e-01]
 [ 2.39254604e-01 -1.59605142e-01]
 [ 2.39254604e-01 -1.59605142e-01]
 [ 2.39254604e-01 -1.59605142e-01]
 [ 2.39254604e-01 -1.59605142e-01]
 [ 2.39254604e-01 -1.59605142e-01]
 [ 2.39254604e-01 -1.59605142e-01]
 [ 2.39254604e-01 -1.59605142e-01]
 [ 2.39254604e-01 -1.59605142e-01]
 [ 2.39254604e-01 -1.59605142e-01]
 [ 2.39254604e-01 -1.59605142e-01]
 [ 2.39254604e-01 -1.59605142e-01]
 [ 2.39254604e-01 -1.59605142e-01]
 [ 2.39254604e-01 -1.59605142e-01]
 [ 2.39254604e-01 -1.59605142e-01]
 [ 2.39254604e-01 -1.59605142e-01]
 [ 2.39254604e-01 -1.59605142e-01]
 [ 2.39254604e-01 -1.59605142e-01]
 [ 2.39254604e-01 -1.59605142e-01]
 [ 2.39254604e-01 -1.59605142e-01]
 [ 2.39254604e-01 -1.59605142e-01]
 [ 2.39254604e-01 -1.59605142e-01]
 [ 2.39254604e-01 -1.59605142e-01]
 [ 2.39254604e-01 -1.59605142e-01]
 [ 2.39254604e-01 -1.59605142e-01]
 [ 2.39254604e-01 -1.59605142e-01]
 [ 2.39254604e-01 -1.59605142e-01]
 [ 2.39254604e-01 -1.59605142e-01]
 [ 2.39254604e-01 -1.59605142e-01]
 [ 2.39254604e-01 -1.59605142e-01]
 [ 2.39254604e-01 -1.59605142e-01]
 [ 2.39254604e-01 -1.59605142e-01]
 [ 2.39254604e-01 -1.59605142e-01]
 [ 2.39254604e-01 -1.59605142e-01]
 [ 2.39254604e-01 -1.59605142e-01]
 [ 2.39254604e-01 -1.59605142e-01]
 [ 2.39254604e-01 -1.59605142e-01]
 [ 2.39254604e-01 -1.59605142e-01]
 [ 2.39254604e-01 -1.59605142e-01]
 [ 2.39254604e-01 -1.59605142e-01]
 [ 2.39254604e-01 -1.59605142e-01]
 [ 1.80327550e-01 -1.68079641e-01]
 [ 1.80327550e-01 -1.68079641e-01]
 [ 1.80327550e-01 -1.68079641e-01]
 [ 1.80327550e-01 -1.68079641e-01]
 [ 4.73957663e-02 -5.09792920e-01]
 [ 4.73957663e-02 -5.09792920e-01]
 [ 4.73957663e-02 -5.09792920e-01]
 [ 4.73957663e-02 -5.09792920e-01]
 [ 4.73957663e-02 -5.09792920e-01]
 [ 4.73957663e-02 -5.09792920e-01]
 [ 1.80327550e-01 -1.68079641e-01]
 [ 1.80327550e-01 -1.68079641e-01]
 [ 1.80327550e-01 -1.68079641e-01]
 [ 1.80327550e-01 -1.68079641e-01]
 [ 1.05116521e-01 -4.14420007e-02]
 [ 1.05116521e-01 -4.14420007e-02]
 [ 1.05116521e-01 -4.14420007e-02]
 [ 1.05116521e-01 -4.14420007e-02]
 [ 1.05116521e-01 -4.14420007e-02]
 [ 1.05116521e-01 -4.14420007e-02]
 [ 1.05116521e-01 -4.14420007e-02]
 [ 1.05116521e-01 -4.14420007e-02]
 [ 1.05116521e-01 -4.14420007e-02]
 [ 1.05116521e-01 -4.14420007e-02]
 [ 1.05116521e-01 -4.14420007e-02]
 [ 1.05116521e-01 -4.14420007e-02]
 [ 3.13259334e-01  1.73633639e-01]
 [ 3.13259334e-01  1.73633639e-01]]


Antes do PCA
['HOST_SlogP', 'HOST_SMR', 'HOST_LabuteASA', 'HOST_TPSA', 'HOST_AMW', 'HOST_NumLipinskiHBA', 'HOST_NumLipinskiHBD', 'HOST_NumRotatableBonds'][[1.         0.39240975 0.25541636 ... 0.         0.         1.        ]
 [1.         0.39240975 0.25541636 ... 0.         0.         1.        ]
 [1.         0.39240975 0.25541636 ... 0.         0.         1.        ]
 ...
 [0.3745827  0.29573766 0.26316149 ... 0.23333333 0.55882353 0.45      ]
 [0.238185   0.30036836 0.31781488 ... 0.4        0.70588235 0.4       ]
 [0.238185   0.30036836 0.31781488 ... 0.4        0.70588235 0.4       ]]



