######################## Base HostGuest_dataset_trat_env reduction for dim 2


Atributos da base: ['SlogP', 'SMR', 'LabuteASA', 'TPSA', 'AMW', 'NumLipinskiHBA', 'NumLipinskiHBD', 'NumRotatableBonds']

Resultados PCA: [[ 0.18871141  0.39796674  0.40248419  0.39530866  0.40259315  0.40061063
   0.01016841  0.40629361]
 [-0.34135916  0.00358157  0.00523484  0.10540216  0.00620505  0.03381382
   0.93322061 -0.01554039]]

Variance PCA: [0.68162594 0.20934262]



Depois do PCA
[[-8.59740776e-02  4.69508124e-01]
 [-1.13449184e-01  4.98633406e-01]
 [-9.01154130e-02  9.42332974e-01]
 [-1.29179487e-02  2.88551864e-01]
 [ 1.56470929e-03 -1.19796351e-01]
 [-2.02227685e-02  1.59433676e-01]
 [ 3.41157611e-03 -1.96572626e-02]
 [ 8.33093445e-02 -3.10691421e-01]
 [-1.08187767e-02  1.13675099e-01]
 [-6.58269904e-03 -1.99150505e-01]
 [-8.59740776e-02  4.69508124e-01]
 [-9.67740803e-02  1.51396958e-01]
 [-8.17175457e-02  2.62499092e-01]
 [-8.99653930e-02  4.73765653e-01]
 [-1.01263046e-01  4.81923498e-01]
 [-9.30151991e-02  2.70656937e-01]
 [-7.97938438e-02  1.34404474e-01]
 [-7.84494781e-02  1.29907887e-01]
 [-6.78886687e-02  1.17519186e-01]
 [-1.09576437e-01  3.14997767e-01]
 [-8.88926047e-02  1.46923378e-01]
 [-5.97705056e-02  1.14349974e-01]
 [-6.50929740e-02  1.22180068e-01]
 [-6.65375565e-02  2.45947718e-01]
 [ 3.02045342e-02 -1.49283831e-01]
 [-8.41419581e-03  1.41586606e-02]
 [ 6.50616286e-02 -1.30255622e-01]
 [-4.14301040e-02  2.37865758e-02]
 [-6.68135774e-03 -1.07610057e-01]
 [ 1.24980459e-01 -8.45274324e-02]
 [ 3.39871008e-02 -1.32433919e-01]
 [-3.67032012e-02 -1.57532291e-01]
 [-1.34383892e-03 -1.90335207e-01]
 [-3.67032012e-02 -1.57532291e-01]
 [-1.34383892e-03 -1.90335207e-01]
 [-4.67212327e-02 -1.08153195e-01]
 [-3.76953214e-02 -3.21232785e-03]
 [-3.76953214e-02 -3.21232785e-03]
 [-8.05059551e-02 -7.15604070e-02]
 [-5.26587413e-02 -9.05993384e-02]
 [-6.14447252e-02 -9.66222329e-02]
 [-2.17938879e-02  2.23622397e-01]
 [-6.37993331e-02 -6.04893719e-02]
 [ 2.33007509e+00 -5.02027966e-02]
 [ 2.34706538e+00 -6.65412529e-02]
 [ 2.37468695e+00 -7.14246866e-02]
 [ 2.33007509e+00 -5.02027966e-02]
 [ 2.34706538e+00 -6.65412529e-02]
 [ 2.37468695e+00 -7.14246866e-02]
 [-2.26211487e-02  5.39188012e-01]
 [-2.26211487e-02  5.39188012e-01]
 [-2.26211487e-02  5.39188012e-01]
 [-6.18452327e-02 -1.29706936e-01]
 [-6.18452327e-02 -1.29706936e-01]
 [-3.76953214e-02 -3.21232785e-03]
 [-3.76953214e-02 -3.21232785e-03]
 [-7.12539315e-02  4.35810078e-02]
 [-6.24541325e-02  1.38321327e-01]
 [-3.76953214e-02 -3.21232785e-03]
 [-3.76953214e-02 -3.21232785e-03]
 [-3.76953214e-02 -3.21232785e-03]
 [-7.14800438e-02  3.33804600e-02]
 [-3.76953214e-02 -3.21232785e-03]
 [-6.37993331e-02 -6.04893719e-02]
 [-7.14800438e-02  3.33804600e-02]
 [-6.55567341e-02 -6.48641862e-02]
 [-3.22695888e-02 -1.07232392e-01]
 [-7.14800438e-02  3.33804600e-02]
 [-6.83707280e-02 -5.50598316e-02]
 [-6.55567341e-02 -6.48641862e-02]
 [-6.60543112e-02 -7.06396044e-02]
 [-4.67212327e-02 -1.08153195e-01]
 [-3.22695888e-02 -1.07232392e-01]
 [-6.60543112e-02 -7.06396044e-02]
 [-6.55567341e-02 -6.48641862e-02]
 [-4.67212327e-02 -1.08153195e-01]
 [-6.28702504e-02 -9.23062755e-02]
 [-5.60370789e-02 -9.57147905e-02]
 [-6.28702504e-02 -9.23062755e-02]
 [-8.05059551e-02 -7.15604070e-02]
 [-5.26587413e-02 -9.05993384e-02]
 [-6.60543112e-02 -7.06396044e-02]
 [ 2.65901553e-04  4.96556275e-01]
 [-6.14447252e-02 -9.66222329e-02]
 [-6.28702504e-02 -9.23062755e-02]
 [-6.06285786e-02 -1.74659669e-01]
 [-1.47602210e-02 -1.09368522e-02]
 [-3.01832555e-03 -2.33707290e-02]
 [ 8.72356994e-03 -3.58046058e-02]
 [ 2.04654654e-02 -4.82384826e-02]
 [-3.82440120e-02  1.39309013e-02]
 [-2.65021165e-02  1.49702456e-03]
 [-1.47602210e-02 -1.09368522e-02]
 [-3.01832555e-03 -2.33707290e-02]
 [ 8.72356994e-03 -3.58046058e-02]
 [ 2.04654654e-02 -4.82384826e-02]
 [-3.54550637e-02 -1.14333336e-01]
 [-2.37131682e-02 -1.26767212e-01]
 [-9.13232496e-02 -5.65812713e-02]
 [-8.07624402e-02 -6.89699725e-02]
 [-7.02016308e-02 -8.13586737e-02]
 [-5.96408214e-02 -9.37473749e-02]
 [-5.05721012e-02 -1.97180552e-01]
 [-5.05721012e-02 -1.97180552e-01]
 [-5.15226584e-02 -9.69165870e-02]
 [-5.15226584e-02 -9.69165870e-02]
 [-9.13232496e-02 -5.65812713e-02]
 [-8.07624402e-02 -6.89699725e-02]
 [-7.02016308e-02 -8.13586737e-02]
 [-5.96408214e-02 -9.37473749e-02]
 [-5.05721012e-02 -1.97180552e-01]
 [-5.05721012e-02 -1.97180552e-01]
 [-5.15226584e-02 -9.69165870e-02]
 [-5.15226584e-02 -9.69165870e-02]
 [-9.13232496e-02 -5.65812713e-02]
 [-8.07624402e-02 -6.89699725e-02]
 [-7.02016308e-02 -8.13586737e-02]
 [-5.96408214e-02 -9.37473749e-02]
 [-5.05721012e-02 -1.97180552e-01]
 [-5.05721012e-02 -1.97180552e-01]
 [-5.15226584e-02 -9.69165870e-02]
 [-5.15226584e-02 -9.69165870e-02]
 [-9.13232496e-02 -5.65812713e-02]
 [-8.07624402e-02 -6.89699725e-02]
 [-7.02016308e-02 -8.13586737e-02]
 [-5.96408214e-02 -9.37473749e-02]
 [-5.05721012e-02 -1.97180552e-01]
 [-5.05721012e-02 -1.97180552e-01]
 [-5.15226584e-02 -9.69165870e-02]
 [-5.15226584e-02 -9.69165870e-02]
 [-9.13232496e-02 -5.65812713e-02]
 [-8.07624402e-02 -6.89699725e-02]
 [-7.02016308e-02 -8.13586737e-02]
 [-5.96408214e-02 -9.37473749e-02]
 [-5.05721012e-02 -1.97180552e-01]
 [-5.05721012e-02 -1.97180552e-01]
 [-5.15226584e-02 -9.69165870e-02]
 [-5.15226584e-02 -9.69165870e-02]
 [-9.13232496e-02 -5.65812713e-02]
 [-8.07624402e-02 -6.89699725e-02]
 [-7.02016308e-02 -8.13586737e-02]
 [-5.96408214e-02 -9.37473749e-02]
 [-5.05721012e-02 -1.97180552e-01]
 [-5.05721012e-02 -1.97180552e-01]
 [-5.15226584e-02 -9.69165870e-02]
 [-5.15226584e-02 -9.69165870e-02]
 [-5.05721012e-02 -1.97180552e-01]
 [-5.05721012e-02 -1.97180552e-01]
 [-5.15226584e-02 -9.69165870e-02]
 [-5.15226584e-02 -9.69165870e-02]
 [-1.51058164e-02 -2.09423577e-01]
 [ 8.37797457e-03 -2.34291331e-01]
 [ 3.18617655e-02 -2.59159085e-01]
 [ 8.37797457e-03 -2.34291331e-01]
 [ 3.18617655e-02 -2.59159085e-01]
 [-3.52711459e-02 -2.11041750e-01]
 [-3.52711459e-02 -2.11041750e-01]
 [-3.52711459e-02 -2.11041750e-01]
 [ 1.16964361e-02 -2.60777257e-01]
 [ 1.16964361e-02 -2.60777257e-01]
 [ 1.16964361e-02 -2.60777257e-01]
 [ 1.16964361e-02 -2.60777257e-01]
 [ 1.16964361e-02 -2.60777257e-01]
 [ 1.16964361e-02 -2.60777257e-01]
 [-3.39954643e-02 -1.43694615e-02]
 [-4.76286831e-02 -9.69786075e-02]
 [-3.39954643e-02 -1.43694615e-02]
 [-4.76286831e-02 -9.69786075e-02]
 [-3.39954643e-02 -1.43694615e-02]
 [-4.76286831e-02 -9.69786075e-02]
 [ 4.81221854e-02  2.24081790e-01]
 [ 4.81221854e-02  2.24081790e-01]
 [ 4.81221854e-02  2.24081790e-01]
 [ 4.81221854e-02  2.24081790e-01]
 [ 4.81221854e-02  2.24081790e-01]
 [ 4.81221854e-02  2.24081790e-01]
 [ 4.81221854e-02  2.24081790e-01]
 [ 4.81221854e-02  2.24081790e-01]
 [ 5.71480967e-02  3.29022657e-01]
 [ 5.71480967e-02  3.29022657e-01]
 [ 5.71480967e-02  3.29022657e-01]
 [ 5.71480967e-02  3.29022657e-01]
 [ 3.94207101e-02  9.46417680e-02]
 [ 3.94207101e-02  9.46417680e-02]
 [ 3.03947988e-02 -1.02990991e-02]
 [ 3.03947988e-02 -1.02990991e-02]
 [ 4.21366943e-02 -2.27329758e-02]
 [ 4.21366943e-02 -2.27329758e-02]
 [ 4.78614941e-02  1.14584690e-01]
 [ 4.78614941e-02  1.14584690e-01]
 [ 6.53281895e-02  2.39468478e-01]
 [ 5.84819400e-02  6.95799421e-02]
 [ 5.84819400e-02  6.95799421e-02]
 [ 7.59486354e-02  1.94463731e-01]
 [ 7.59486354e-02  1.94463731e-01]
 [ 9.34153307e-02  3.19347519e-01]
 [ 5.83874262e-02  1.02246925e-01]
 [ 5.83874262e-02  1.02246925e-01]
 [ 6.74133376e-02  2.07187792e-01]
 [ 6.74133376e-02  2.07187792e-01]
 [ 8.64745675e-02  1.82125966e-01]
 [ 8.64745675e-02  1.82125966e-01]
 [ 7.81298020e-02  8.20170457e-02]
 [ 7.81298020e-02  8.20170457e-02]
 [ 6.80653420e-02 -7.28249062e-03]
 [ 6.80653420e-02 -7.28249062e-03]
 [ 6.80653420e-02 -7.28249062e-03]
 [ 6.80653420e-02 -7.28249062e-03]
 [-9.41645412e-02 -5.21639517e-02]
 [-9.41645412e-02 -5.21639517e-02]
 [-9.41645412e-02 -5.21639517e-02]
 [-9.41645412e-02 -5.21639517e-02]
 [-8.24226457e-02 -6.45978285e-02]
 [-8.24226457e-02 -6.45978285e-02]
 [-7.06807502e-02 -7.70317053e-02]
 [-7.06807502e-02 -7.70317053e-02]
 [-8.19995541e-02 -1.28566049e-01]
 [-8.19995541e-02 -1.28566049e-01]
 [-8.19995541e-02 -1.28566049e-01]
 [-8.19995541e-02 -1.28566049e-01]
 [-7.89285974e-02  1.34234855e-01]
 [-7.89285974e-02  1.34234855e-01]
 [-5.85157631e-02 -1.53433803e-01]
 [-5.85157631e-02 -1.53433803e-01]
 [-5.85157631e-02 -1.53433803e-01]
 [-5.85157631e-02 -1.53433803e-01]
 [-9.13232496e-02 -5.65812713e-02]
 [-9.13232496e-02 -5.65812713e-02]
 [-8.07624402e-02 -6.89699725e-02]
 [-8.07624402e-02 -6.89699725e-02]
 [-8.07624402e-02 -6.89699725e-02]
 [-8.07624402e-02 -6.89699725e-02]
 [-7.02016308e-02 -8.13586737e-02]
 [-7.02016308e-02 -8.13586737e-02]
 [-6.02348684e-02 -1.10539766e-01]
 [-6.02348684e-02 -1.10539766e-01]
 [-3.08999692e-02 -1.43826855e-01]
 [-3.08999692e-02 -1.43826855e-01]
 [-5.85760696e-02  1.20281511e-01]
 [-5.85760696e-02  1.20281511e-01]
 [-5.97920330e-02  1.20377624e-01]
 [-5.97920330e-02  1.20377624e-01]
 [-7.95163888e-02 -1.29701906e-01]
 [-7.95163888e-02 -1.29701906e-01]
 [-7.33889218e-02 -1.30085516e-01]
 [-7.33889218e-02 -1.30085516e-01]
 [-6.43630105e-02 -2.51446492e-02]
 [-6.43630105e-02 -2.51446492e-02]
 [-6.43630105e-02 -2.51446492e-02]
 [-6.43630105e-02 -2.51446492e-02]
 [-8.20598606e-02  1.45149265e-01]
 [-8.20598606e-02  1.45149265e-01]
 [-7.30339493e-02  2.50090132e-01]
 [-7.30339493e-02  2.50090132e-01]
 [-5.71381898e-02 -5.10561547e-03]
 [-5.71381898e-02 -5.10561547e-03]
 [-5.71381898e-02 -5.10561547e-03]
 [-5.71381898e-02 -5.10561547e-03]
 [-5.71381898e-02 -5.10561547e-03]
 [-5.71381898e-02 -5.10561547e-03]
 [-4.81122785e-02  9.98352516e-02]
 [-4.81122785e-02  9.98352516e-02]
 [-7.51278167e-02 -1.24699586e-02]
 [-7.51278167e-02 -1.24699586e-02]
 [-6.92679117e-02  1.22066709e-01]
 [-6.92679117e-02  1.22066709e-01]
 [-8.00122266e-02 -5.86877133e-03]
 [-8.00122266e-02 -5.86877133e-03]
 [-7.95163888e-02 -1.29701906e-01]
 [-7.95163888e-02 -1.29701906e-01]
 [-8.86744516e-02 -1.19916914e-01]
 [-8.86744516e-02 -1.19916914e-01]
 [-8.86744516e-02 -1.19916914e-01]
 [-8.86744516e-02 -1.19916914e-01]
 [-9.06704929e-02  1.46668732e-01]
 [-9.06704929e-02  1.46668732e-01]
 [-7.89285974e-02  1.34234855e-01]
 [-7.89285974e-02  1.34234855e-01]
 [-6.71867019e-02  1.21800978e-01]
 [-6.71867019e-02  1.21800978e-01]
 [-5.54448065e-02  1.09367102e-01]
 [-5.54448065e-02  1.09367102e-01]
 [-8.19995541e-02 -1.28566049e-01]
 [-8.19995541e-02 -1.28566049e-01]
 [-7.02576586e-02 -1.40999926e-01]
 [-7.02576586e-02 -1.40999926e-01]
 [-8.20598606e-02  1.45149265e-01]
 [-8.20598606e-02  1.45149265e-01]
 [-7.30339493e-02  2.50090132e-01]
 [-7.30339493e-02  2.50090132e-01]
 [-7.33889218e-02 -1.30085516e-01]
 [-7.33889218e-02 -1.30085516e-01]
 [-6.43630105e-02 -2.51446492e-02]
 [-6.43630105e-02 -2.51446492e-02]
 [-6.43630105e-02 -2.51446492e-02]
 [-6.43630105e-02 -2.51446492e-02]
 [-5.97882714e-02 -1.47921045e-01]
 [-5.97882714e-02 -1.47921045e-01]
 [-8.07624402e-02 -6.89699725e-02]
 [-8.07624402e-02 -6.89699725e-02]
 [-7.27619600e-02 -7.67659749e-02]
 [-7.27619600e-02 -7.67659749e-02]
 [-2.90510485e-02  7.47734257e-02]
 [-2.90510485e-02  7.47734257e-02]
 [-4.81122785e-02  9.98352516e-02]
 [-4.81122785e-02  9.98352516e-02]
 [-6.02348684e-02 -1.10539766e-01]
 [-6.02348684e-02 -1.10539766e-01]
 [-3.08999692e-02 -1.43826855e-01]
 [-3.08999692e-02 -1.43826855e-01]
 [-6.43630105e-02 -2.51446492e-02]
 [-6.43630105e-02 -2.51446492e-02]
 [-4.54863254e-02 -1.43775939e-01]
 [-4.54863254e-02 -1.43775939e-01]
 [-5.90055344e-02 -2.30514952e-01]
 [-1.64621215e-01  3.86504513e-02]
 [-1.03669235e-01 -1.41425796e-01]
 [-7.59727544e-02 -1.27436631e-01]
 [-7.59727544e-02 -1.27436631e-01]
 [-5.71381898e-02 -5.10561547e-03]
 [-5.71381898e-02 -5.10561547e-03]
 [-5.60845896e-02 -9.21396711e-03]
 [-5.60845896e-02 -9.21396711e-03]
 [-3.78470377e-02 -2.19996140e-02]
 [-3.78470377e-02 -2.19996140e-02]
 [-5.97882714e-02 -1.47921045e-01]
 [-5.97882714e-02 -1.47921045e-01]
 [-5.97882714e-02 -1.47921045e-01]
 [-5.97882714e-02 -1.47921045e-01]
 [-7.73938335e-02 -1.72516712e-03]
 [-7.73938335e-02 -1.72516712e-03]
 [-7.33889218e-02 -1.30085516e-01]
 [-7.95163888e-02 -1.29701906e-01]
 [ 3.26028416e-03 -7.35863519e-02]
 [ 3.26028416e-03 -7.35863519e-02]
 [ 2.15764098e-02 -9.31563350e-02]
 [ 2.15764098e-02 -9.31563350e-02]
 [-7.51278167e-02 -1.24699586e-02]
 [-7.51278167e-02 -1.24699586e-02]
 [-8.00122266e-02 -5.86877133e-03]
 [-8.00122266e-02 -5.86877133e-03]
 [-6.84295476e-02 -1.21079689e-01]
 [-6.84295476e-02 -1.21079689e-01]
 [-3.13697632e-02 -5.58286978e-02]
 [-3.13697632e-02 -5.58286978e-02]
 [-7.89561629e-02 -5.93737248e-02]
 [-7.89561629e-02 -5.93737248e-02]
 [-8.07624402e-02 -6.89699725e-02]
 [-6.92679117e-02  1.22066709e-01]
 [-6.92679117e-02  1.22066709e-01]
 [-5.52974002e-02 -5.24835021e-02]
 [-5.52974002e-02 -5.24835021e-02]
 [-5.97920330e-02  1.20377624e-01]
 [-5.85760696e-02  1.20281511e-01]
 [-5.90055344e-02 -2.30514952e-01]
 [-1.64621215e-01  3.86504513e-02]
 [-1.03669235e-01 -1.41425796e-01]
 [-7.95163888e-02 -1.29701906e-01]
 [ 2.03400364e-02  1.30905750e-01]
 [ 2.03400364e-02  1.30905750e-01]
 [-2.37067608e-02  1.50356864e-01]
 [-2.37067608e-02  1.50356864e-01]
 [ 1.01194894e-01  3.09571544e-01]
 [ 1.01194894e-01  3.09571544e-01]
 [-2.37067608e-02  1.50356864e-01]
 [-2.37067608e-02  1.50356864e-01]
 [ 1.01194894e-01  3.09571544e-01]
 [ 1.01194894e-01  3.09571544e-01]
 [-2.37067608e-02  1.50356864e-01]
 [-2.37067608e-02  1.50356864e-01]
 [ 1.01194894e-01  3.09571544e-01]
 [ 1.01194894e-01  3.09571544e-01]
 [-2.37067608e-02  1.50356864e-01]
 [-2.37067608e-02  1.50356864e-01]
 [ 1.01194894e-01  3.09571544e-01]
 [ 1.01194894e-01  3.09571544e-01]
 [-2.37067608e-02  1.50356864e-01]
 [-2.37067608e-02  1.50356864e-01]
 [ 1.01194894e-01  3.09571544e-01]
 [ 1.01194894e-01  3.09571544e-01]
 [ 1.01194894e-01  3.09571544e-01]
 [ 1.01194894e-01  3.09571544e-01]]


Antes do PCA
['SlogP', 'SMR', 'LabuteASA', 'TPSA', 'AMW', 'NumLipinskiHBA', 'NumLipinskiHBD', 'NumRotatableBonds'][[0.36661064 0.03025673 0.01743899 ... 0.01680672 0.6        0.00581395]
 [0.28070962 0.01889352 0.00693202 ... 0.01680672 0.6        0.00872093]
 [0.08528478 0.04374933 0.03012713 ... 0.03361345 1.         0.03197674]
 ...
 [0.59943044 0.08536362 0.07510464 ... 0.08403361 0.5        0.03197674]
 [0.59943044 0.08536362 0.07510464 ... 0.08403361 0.5        0.03197674]
 [0.59943044 0.08536362 0.07510464 ... 0.08403361 0.5        0.03197674]]



