######################## Base HostGuest_dataset_trat_env reduction for dim 1


Atributos da base: ['HOST_SlogP', 'HOST_SMR', 'HOST_LabuteASA', 'HOST_TPSA', 'HOST_AMW', 'HOST_NumLipinskiHBA', 'HOST_NumLipinskiHBD', 'HOST_NumRotatableBonds']

Resultados PCA: [[-0.40604569 -0.0535912  -0.03871183  0.45086394  0.02357428 -0.17598771
   0.71143735  0.29967892]]

Variance PCA: [0.47082626]



Depois do PCA
[[-0.4649662 ]
 [-0.4649662 ]
 [-0.4649662 ]
 [-0.4649662 ]
 [-0.4649662 ]
 [-0.4649662 ]
 [-0.4649662 ]
 [-0.4649662 ]
 [-0.4649662 ]
 [-0.4649662 ]
 [-0.71961036]
 [-0.71961036]
 [-0.71961036]
 [-0.71961036]
 [-0.71961036]
 [-0.71961036]
 [-0.71961036]
 [-0.71961036]
 [-0.71961036]
 [-0.71961036]
 [-0.71961036]
 [-0.71961036]
 [-0.71961036]
 [-0.71961036]
 [-0.46731942]
 [-0.46731942]
 [-0.46731942]
 [-0.46731942]
 [-0.46731942]
 [-0.46731942]
 [-0.46731942]
 [-0.71961036]
 [-0.71961036]
 [-0.71524114]
 [-0.71524114]
 [-0.71524114]
 [-0.71524114]
 [-0.71524114]
 [-0.71524114]
 [-0.71524114]
 [-0.71524114]
 [-0.71524114]
 [-0.71524114]
 [-0.71524114]
 [-0.71524114]
 [-0.71524114]
 [-0.71524114]
 [-0.71524114]
 [-0.71524114]
 [-0.71524114]
 [-0.71524114]
 [-0.71524114]
 [-0.71524114]
 [-0.71961036]
 [-0.71524114]
 [-0.71524114]
 [-0.71524114]
 [-0.71524114]
 [-0.71524114]
 [-0.71524114]
 [-0.71524114]
 [-0.71524114]
 [-0.71524114]
 [-0.71524114]
 [-0.71524114]
 [-0.71524114]
 [-0.71524114]
 [-0.71524114]
 [-0.71524114]
 [-0.71524114]
 [-0.71524114]
 [-0.71524114]
 [-0.71524114]
 [-0.71524114]
 [-0.71524114]
 [-0.71524114]
 [-0.71524114]
 [-0.71524114]
 [-0.71524114]
 [-0.71524114]
 [-0.71524114]
 [-0.71524114]
 [-0.71524114]
 [-0.71524114]
 [-0.71524114]
 [-0.71524114]
 [ 0.78844121]
 [ 0.78844121]
 [ 0.78844121]
 [ 0.78844121]
 [ 0.5820565 ]
 [ 0.5820565 ]
 [ 0.5820565 ]
 [ 0.5820565 ]
 [ 0.5820565 ]
 [ 0.5820565 ]
 [ 0.5820565 ]
 [ 0.5820565 ]
 [ 0.18032755]
 [ 0.18032755]
 [ 0.18032755]
 [ 0.18032755]
 [ 0.18032755]
 [ 0.18032755]
 [ 0.18032755]
 [ 0.18032755]
 [ 0.14082973]
 [ 0.14082973]
 [ 0.14082973]
 [ 0.14082973]
 [ 0.14082973]
 [ 0.14082973]
 [ 0.14082973]
 [ 0.14082973]
 [ 0.16436924]
 [ 0.16436924]
 [ 0.16436924]
 [ 0.16436924]
 [ 0.16436924]
 [ 0.16436924]
 [ 0.16436924]
 [ 0.16436924]
 [ 0.17110843]
 [ 0.17110843]
 [ 0.17110843]
 [ 0.17110843]
 [ 0.17110843]
 [ 0.17110843]
 [ 0.17110843]
 [ 0.17110843]
 [ 0.12763161]
 [ 0.12763161]
 [ 0.12763161]
 [ 0.12763161]
 [ 0.12763161]
 [ 0.12763161]
 [ 0.12763161]
 [ 0.12763161]
 [ 0.1293123 ]
 [ 0.1293123 ]
 [ 0.1293123 ]
 [ 0.1293123 ]
 [ 0.1293123 ]
 [ 0.1293123 ]
 [ 0.1293123 ]
 [ 0.1293123 ]
 [ 0.18485932]
 [ 0.18485932]
 [ 0.18485932]
 [ 0.18485932]
 [ 0.18032755]
 [ 0.2392546 ]
 [ 0.19642003]
 [ 0.18032755]
 [ 0.2392546 ]
 [ 0.19642003]
 [ 0.19642003]
 [ 0.19642003]
 [ 0.19642003]
 [ 0.31325933]
 [ 0.31325933]
 [ 0.31325933]
 [ 0.31325933]
 [ 0.31325933]
 [ 0.31325933]
 [ 0.31325933]
 [ 0.31325933]
 [ 0.31325933]
 [ 0.31325933]
 [ 0.31325933]
 [ 0.31325933]
 [ 0.31325933]
 [ 0.31325933]
 [ 0.31325933]
 [ 0.31325933]
 [ 0.31325933]
 [ 0.31325933]
 [ 0.31325933]
 [ 0.31325933]
 [ 0.31325933]
 [ 0.31325933]
 [ 0.31325933]
 [ 0.31325933]
 [ 0.31325933]
 [ 0.31325933]
 [ 0.31325933]
 [ 0.31325933]
 [ 0.31325933]
 [ 0.31325933]
 [ 0.31325933]
 [ 0.31325933]
 [ 0.31325933]
 [ 0.31325933]
 [ 0.31325933]
 [ 0.31325933]
 [ 0.31325933]
 [ 0.31325933]
 [ 0.04739577]
 [ 0.04739577]
 [ 0.04739577]
 [ 0.04739577]
 [ 0.04739577]
 [ 0.04739577]
 [ 0.04739577]
 [ 0.04739577]
 [ 0.04739577]
 [ 0.04739577]
 [ 0.04739577]
 [ 0.04739577]
 [ 0.04739577]
 [ 0.04739577]
 [ 0.04739577]
 [ 0.04739577]
 [ 0.04739577]
 [ 0.04739577]
 [ 0.18032755]
 [ 0.18032755]
 [ 0.18032755]
 [ 0.18032755]
 [ 0.18032755]
 [ 0.18032755]
 [ 0.18032755]
 [ 0.18032755]
 [ 0.18032755]
 [ 0.18032755]
 [ 0.18032755]
 [ 0.18032755]
 [ 0.18032755]
 [ 0.18032755]
 [ 0.18032755]
 [ 0.18032755]
 [ 0.18032755]
 [ 0.18032755]
 [ 0.18032755]
 [ 0.18032755]
 [ 0.18032755]
 [ 0.18032755]
 [ 0.18032755]
 [ 0.18032755]
 [ 0.18032755]
 [ 0.18032755]
 [ 0.18032755]
 [ 0.18032755]
 [ 0.18032755]
 [ 0.18032755]
 [ 0.18032755]
 [ 0.18032755]
 [ 0.18032755]
 [ 0.18032755]
 [ 0.18032755]
 [ 0.18032755]
 [ 0.18032755]
 [ 0.18032755]
 [ 0.18032755]
 [ 0.18032755]
 [ 0.2392546 ]
 [ 0.2392546 ]
 [ 0.2392546 ]
 [ 0.2392546 ]
 [ 0.2392546 ]
 [ 0.2392546 ]
 [ 0.2392546 ]
 [ 0.2392546 ]
 [ 0.04739577]
 [ 0.04739577]
 [ 0.04739577]
 [ 0.04739577]
 [ 0.04739577]
 [ 0.04739577]
 [ 0.18032755]
 [ 0.18032755]
 [ 0.18032755]
 [ 0.18032755]
 [ 0.18032755]
 [ 0.18032755]
 [ 0.18032755]
 [ 0.18032755]
 [ 0.2392546 ]
 [ 0.2392546 ]
 [ 0.2392546 ]
 [ 0.2392546 ]
 [ 0.2392546 ]
 [ 0.2392546 ]
 [ 0.2392546 ]
 [ 0.2392546 ]
 [ 0.2392546 ]
 [ 0.2392546 ]
 [ 0.2392546 ]
 [ 0.2392546 ]
 [ 0.2392546 ]
 [ 0.2392546 ]
 [ 0.2392546 ]
 [ 0.2392546 ]
 [ 0.2392546 ]
 [ 0.2392546 ]
 [ 0.2392546 ]
 [ 0.2392546 ]
 [ 0.2392546 ]
 [ 0.2392546 ]
 [ 0.2392546 ]
 [ 0.2392546 ]
 [ 0.2392546 ]
 [ 0.2392546 ]
 [ 0.2392546 ]
 [ 0.2392546 ]
 [ 0.2392546 ]
 [ 0.2392546 ]
 [ 0.2392546 ]
 [ 0.2392546 ]
 [ 0.2392546 ]
 [ 0.2392546 ]
 [ 0.2392546 ]
 [ 0.2392546 ]
 [ 0.2392546 ]
 [ 0.2392546 ]
 [ 0.2392546 ]
 [ 0.2392546 ]
 [ 0.2392546 ]
 [ 0.2392546 ]
 [ 0.2392546 ]
 [ 0.2392546 ]
 [ 0.2392546 ]
 [ 0.2392546 ]
 [ 0.2392546 ]
 [ 0.2392546 ]
 [ 0.2392546 ]
 [ 0.2392546 ]
 [ 0.2392546 ]
 [ 0.2392546 ]
 [ 0.18032755]
 [ 0.18032755]
 [ 0.18032755]
 [ 0.18032755]
 [ 0.04739577]
 [ 0.04739577]
 [ 0.04739577]
 [ 0.04739577]
 [ 0.04739577]
 [ 0.04739577]
 [ 0.18032755]
 [ 0.18032755]
 [ 0.18032755]
 [ 0.18032755]
 [ 0.10511652]
 [ 0.10511652]
 [ 0.10511652]
 [ 0.10511652]
 [ 0.10511652]
 [ 0.10511652]
 [ 0.10511652]
 [ 0.10511652]
 [ 0.10511652]
 [ 0.10511652]
 [ 0.10511652]
 [ 0.10511652]
 [ 0.31325933]
 [ 0.31325933]]


Antes do PCA
['HOST_SlogP', 'HOST_SMR', 'HOST_LabuteASA', 'HOST_TPSA', 'HOST_AMW', 'HOST_NumLipinskiHBA', 'HOST_NumLipinskiHBD', 'HOST_NumRotatableBonds'][[1.         0.39240975 0.25541636 ... 0.         0.         1.        ]
 [1.         0.39240975 0.25541636 ... 0.         0.         1.        ]
 [1.         0.39240975 0.25541636 ... 0.         0.         1.        ]
 ...
 [0.3745827  0.29573766 0.26316149 ... 0.23333333 0.55882353 0.45      ]
 [0.238185   0.30036836 0.31781488 ... 0.4        0.70588235 0.4       ]
 [0.238185   0.30036836 0.31781488 ... 0.4        0.70588235 0.4       ]]



