######################## Base alpha_trat_env reduction for dim 1


Atributos da base: ['pH', 'Temp', 'SlogP', 'SMR', 'LabuteASA', 'TPSA', 'AMW', 'NumLipinskiHBA', 'NumLipinskiHBD', 'NumRotatableBonds', 'NumAtoms', 'Formal Charge', 'SlogP (#1)', 'SMR (#1)', 'LabuteASA (#1)', 'TPSA (#1)', 'AMW (#1)', 'NumLipinskiHBA (#1)', 'NumLipinskiHBD (#1)', 'NumRotatableBonds (#1)', 'NumAtoms (#1)']

Resultados PCA: [[ 3.38227070e-01 -1.11022302e-16  5.76568670e-02 -3.30522966e-01
  -3.32989752e-01 -2.71400712e-01 -3.24053589e-01 -3.01160148e-01
  -3.40298358e-01 -3.18847300e-01 -3.56718557e-01 -2.19247162e-01
  -0.00000000e+00 -0.00000000e+00 -0.00000000e+00 -0.00000000e+00
  -0.00000000e+00 -0.00000000e+00 -0.00000000e+00 -0.00000000e+00
  -0.00000000e+00]]

Variance PCA: [0.67168059]



Depois do PCA
[[ 1.59903397]
 [ 0.39484625]
 [ 0.61926839]
 [-0.27891301]
 [ 0.61926839]
 [ 0.39484625]
 [-0.06651467]
 [-0.88722727]
 [-0.1712612 ]
 [-0.1712612 ]
 [-0.06651467]
 [-0.39384623]
 [-0.05449087]
 [-0.39568334]
 [-0.39568334]
 [-0.1712612 ]
 [-0.1712612 ]
 [ 0.02695073]
 [-0.27891301]
 [-0.25245783]
 [ 0.27991304]
 [ 0.02695073]
 [-0.31240462]
 [ 0.27991304]
 [-0.25245783]
 [-0.31240462]
 [-0.1712612 ]
 [-0.88722727]
 [ 0.50587178]
 [-0.39568334]
 [-0.1712612 ]
 [-0.39568334]
 [-0.1712612 ]
 [-0.06651467]
 [-0.06651467]
 [-0.1712612 ]
 [ 0.50587178]
 [ 1.73038219]
 [-0.90472228]
 [ 2.06453403]
 [-0.56536693]
 [-0.05449087]
 [-0.39384623]]


Antes do PCA
['pH', 'Temp', 'SlogP', 'SMR', 'LabuteASA', 'TPSA', 'AMW', 'NumLipinskiHBA', 'NumLipinskiHBD', 'NumRotatableBonds', 'NumAtoms', 'Formal Charge', 'SlogP (#1)', 'SMR (#1)', 'LabuteASA (#1)', 'TPSA (#1)', 'AMW (#1)', 'NumLipinskiHBA (#1)', 'NumLipinskiHBD (#1)', 'NumRotatableBonds (#1)', 'NumAtoms (#1)'][[1.         0.         0.         0.11832849 0.20189988 0.54445079
  0.32236571 0.42857143 0.         0.1        0.08333333 0.
  0.         0.         0.         0.         0.         0.
  0.         0.         0.        ]
 [0.         0.         0.68235053 0.46192126 0.47744373 0.3679802
  0.4407777  0.42857143 0.6        0.5        0.52777778 1.
  0.         0.         0.         0.         0.         0.
  0.         0.         0.        ]
 [0.         0.         0.80290745 0.43718331 0.43269032 0.17542357
  0.37553876 0.28571429 0.4        0.5        0.5        1.
  0.         0.         0.         0.         0.         0.
  0.         0.         0.        ]
 [0.         0.         0.47952498 0.72351681 0.74634513 0.64496478
  0.73061569 0.71428571 0.8        0.7        0.80555556 1.
  0.         0.         0.         0.         0.         0.
  0.         0.         0.        ]
 [0.         0.         0.80290745 0.43718331 0.43269032 0.17542357
  0.37553876 0.28571429 0.4        0.5        0.5        1.
  0.         0.         0.         0.         0.         0.
  0.         0.         0.        ]
 [0.         0.         0.68235053 0.46192126 0.47744373 0.3679802
  0.4407777  0.42857143 0.6        0.5        0.52777778 1.
  0.         0.         0.         0.         0.         0.
  0.         0.         0.        ]
 [0.         0.         0.79922195 0.80473094 0.81299395 0.36874167
  0.7715516  0.57142857 0.4        0.6        0.88888889 1.
  0.         0.         0.         0.         0.         0.
  0.         0.         0.        ]
 [0.         0.         0.41601147 0.88987985 0.94877714 1.
  0.9672684  1.         1.         1.         0.97222222 1.
  0.         0.         0.         0.         0.         0.
  0.         0.         0.        ]
 [0.         0.         0.2471335  0.70161403 0.698611   0.55711022
  0.66537676 0.57142857 0.8        0.7        0.77777778 1.
  0.         0.         0.         0.         0.         0.
  0.         0.         0.        ]
 [0.         0.         0.2471335  0.70161403 0.698611   0.55711022
  0.66537676 0.57142857 0.8        0.7        0.77777778 1.
  0.         0.         0.         0.         0.         0.
  0.         0.         0.        ]
 [0.         0.         0.79922195 0.80473094 0.81299395 0.36874167
  0.7715516  0.57142857 0.4        0.6        0.88888889 1.
  0.         0.         0.         0.         0.         0.
  0.         0.         0.        ]
 [0.         0.         0.79717445 0.87496248 0.84993005 0.60270322
  0.82455747 0.71428571 0.8        0.7        0.88888889 1.
  0.         0.         0.         0.         0.         0.
  0.         0.         0.        ]
 [0.         0.         0.6000819  0.69877885 0.70159172 0.45240815
  0.66537676 0.57142857 0.6        0.7        0.77777778 1.
  0.         0.         0.         0.         0.         0.
  0.         0.         0.        ]
 [0.         0.         0.12657658 0.72635198 0.74336441 0.74966686
  0.73061569 0.71428571 1.         0.7        0.80555556 1.
  0.         0.         0.         0.         0.         0.
  0.         0.         0.        ]
 [0.         0.         0.12657658 0.72635198 0.74336441 0.74966686
  0.73061569 0.71428571 1.         0.7        0.80555556 1.
  0.         0.         0.         0.         0.         0.
  0.         0.         0.        ]
 [0.         0.         0.2471335  0.70161403 0.698611   0.55711022
  0.66537676 0.57142857 0.8        0.7        0.77777778 1.
  0.         0.         0.         0.         0.         0.
  0.         0.         0.        ]
 [0.         0.         0.2471335  0.70161403 0.698611   0.55711022
  0.66537676 0.57142857 0.8        0.7        0.77777778 1.
  0.         0.         0.         0.         0.         0.
  0.         0.         0.        ]
 [0.         0.         0.44099099 0.63049984 0.642176   0.45240815
  0.60817903 0.57142857 0.6        0.7        0.69444444 1.
  0.         0.         0.         0.         0.         0.
  0.         0.         0.        ]
 [0.         0.         0.47952498 0.72351681 0.74634513 0.64496478
  0.73061569 0.71428571 0.8        0.7        0.80555556 1.
  0.         0.         0.         0.         0.         0.
  0.         0.         0.        ]
 [0.         0.         0.86056511 0.83495053 0.82042317 0.45240815
  0.77977222 0.57142857 0.6        0.8        0.94444444 1.
  0.         0.         0.         0.         0.         0.
  0.         0.         0.        ]
 [0.         0.         1.         0.61336694 0.58102865 0.32571864
  0.53471948 0.42857143 0.6        0.5        0.61111111 1.
  0.         0.         0.         0.         0.         0.
  0.         0.         0.        ]
 [0.         0.         0.44099099 0.63049984 0.642176   0.45240815
  0.60817903 0.57142857 0.6        0.7        0.69444444 1.
  0.         0.         0.         0.         0.         0.
  0.         0.         0.        ]
 [0.         0.         0.63808354 0.80668347 0.79051432 0.60270322
  0.76735974 0.71428571 0.8        0.7        0.80555556 1.
  0.         0.         0.         0.         0.         0.
  0.         0.         0.        ]
 [0.         0.         1.         0.61336694 0.58102865 0.32571864
  0.53471948 0.42857143 0.6        0.5        0.61111111 1.
  0.         0.         0.         0.         0.         0.
  0.         0.         0.        ]
 [0.         0.         0.86056511 0.83495053 0.82042317 0.45240815
  0.77977222 0.57142857 0.6        0.8        0.94444444 1.
  0.         0.         0.         0.         0.         0.
  0.         0.         0.        ]
 [0.         0.         0.63808354 0.80668347 0.79051432 0.60270322
  0.76735974 0.71428571 0.8        0.7        0.80555556 1.
  0.         0.         0.         0.         0.         0.
  0.         0.         0.        ]
 [0.         0.         0.2471335  0.70161403 0.698611   0.55711022
  0.66537676 0.57142857 0.8        0.7        0.77777778 1.
  0.         0.         0.         0.         0.         0.
  0.         0.         0.        ]
 [0.         0.         0.41601147 0.88987985 0.94877714 1.
  0.9672684  1.         1.         1.         0.97222222 1.
  0.         0.         0.         0.         0.         0.
  0.         0.         0.        ]
 [0.         0.         0.96265356 0.50578923 0.49210605 0.17542357
  0.4327365  0.28571429 0.4        0.6        0.58333333 1.
  0.         0.         0.         0.         0.         0.
  0.         0.         0.        ]
 [0.         0.         0.12657658 0.72635198 0.74336441 0.74966686
  0.73061569 0.71428571 1.         0.7        0.80555556 1.
  0.         0.         0.         0.         0.         0.
  0.         0.         0.        ]
 [0.         0.         0.2471335  0.70161403 0.698611   0.55711022
  0.66537676 0.57142857 0.8        0.7        0.77777778 1.
  0.         0.         0.         0.         0.         0.
  0.         0.         0.        ]
 [0.         0.         0.12657658 0.72635198 0.74336441 0.74966686
  0.73061569 0.71428571 1.         0.7        0.80555556 1.
  0.         0.         0.         0.         0.         0.
  0.         0.         0.        ]
 [0.         0.         0.2471335  0.70161403 0.698611   0.55711022
  0.66537676 0.57142857 0.8        0.7        0.77777778 1.
  0.         0.         0.         0.         0.         0.
  0.         0.         0.        ]
 [0.         0.         0.79922195 0.80473094 0.81299395 0.36874167
  0.7715516  0.57142857 0.4        0.6        0.88888889 1.
  0.         0.         0.         0.         0.         0.
  0.         0.         0.        ]
 [0.         0.         0.79922195 0.80473094 0.81299395 0.36874167
  0.7715516  0.57142857 0.4        0.6        0.88888889 1.
  0.         0.         0.         0.         0.         0.
  0.         0.         0.        ]
 [0.         0.         0.2471335  0.70161403 0.698611   0.55711022
  0.66537676 0.57142857 0.8        0.7        0.77777778 1.
  0.         0.         0.         0.         0.         0.
  0.         0.         0.        ]
 [0.         0.         0.96265356 0.50578923 0.49210605 0.17542357
  0.4327365  0.28571429 0.4        0.6        0.58333333 1.
  0.         0.         0.         0.         0.         0.
  0.         0.         0.        ]
 [1.         0.         0.27768223 0.06556568 0.04984703 0.247668
  0.06122649 0.14285714 0.4        0.         0.05555556 0.5
  0.         0.         0.         0.         0.         0.
  0.         0.         0.        ]
 [0.         0.         0.27616708 1.         1.         0.8796878
  1.         1.         1.         0.9        1.         1.
  0.         0.         0.         0.         0.         0.
  0.         0.         0.        ]
 [1.         0.         0.4487715  0.         0.         0.
  0.         0.         0.         0.         0.         0.5
  0.         0.         0.         0.         0.         0.
  0.         0.         0.        ]
 [0.         0.         0.07907453 0.82381637 0.85166167 0.72939273
  0.84081929 0.85714286 0.8        0.9        0.88888889 1.
  0.         0.         0.         0.         0.         0.
  0.         0.         0.        ]
 [0.         0.         0.6000819  0.69877885 0.70159172 0.45240815
  0.66537676 0.57142857 0.6        0.7        0.77777778 1.
  0.         0.         0.         0.         0.         0.
  0.         0.         0.        ]
 [0.         0.         0.79717445 0.87496248 0.84993005 0.60270322
  0.82455747 0.71428571 0.8        0.7        0.88888889 1.
  0.         0.         0.         0.         0.         0.
  0.         0.         0.        ]]



