######################## Base alpha_trat_env reduction for dim 1


Atributos da base: ['pH', 'Temp']

Resultados PCA: [[1. 0.]]

Variance PCA: [1.]



Depois do PCA
[[ 0.93023256]
 [-0.06976744]
 [-0.06976744]
 [-0.06976744]
 [-0.06976744]
 [-0.06976744]
 [-0.06976744]
 [-0.06976744]
 [-0.06976744]
 [-0.06976744]
 [-0.06976744]
 [-0.06976744]
 [-0.06976744]
 [-0.06976744]
 [-0.06976744]
 [-0.06976744]
 [-0.06976744]
 [-0.06976744]
 [-0.06976744]
 [-0.06976744]
 [-0.06976744]
 [-0.06976744]
 [-0.06976744]
 [-0.06976744]
 [-0.06976744]
 [-0.06976744]
 [-0.06976744]
 [-0.06976744]
 [-0.06976744]
 [-0.06976744]
 [-0.06976744]
 [-0.06976744]
 [-0.06976744]
 [-0.06976744]
 [-0.06976744]
 [-0.06976744]
 [-0.06976744]
 [ 0.93023256]
 [-0.06976744]
 [ 0.93023256]
 [-0.06976744]
 [-0.06976744]
 [-0.06976744]]


Antes do PCA
['pH', 'Temp'][[1. 0.]
 [0. 0.]
 [0. 0.]
 [0. 0.]
 [0. 0.]
 [0. 0.]
 [0. 0.]
 [0. 0.]
 [0. 0.]
 [0. 0.]
 [0. 0.]
 [0. 0.]
 [0. 0.]
 [0. 0.]
 [0. 0.]
 [0. 0.]
 [0. 0.]
 [0. 0.]
 [0. 0.]
 [0. 0.]
 [0. 0.]
 [0. 0.]
 [0. 0.]
 [0. 0.]
 [0. 0.]
 [0. 0.]
 [0. 0.]
 [0. 0.]
 [0. 0.]
 [0. 0.]
 [0. 0.]
 [0. 0.]
 [0. 0.]
 [0. 0.]
 [0. 0.]
 [0. 0.]
 [0. 0.]
 [1. 0.]
 [0. 0.]
 [1. 0.]
 [0. 0.]
 [0. 0.]
 [0. 0.]]



