######################## Base alpha_trat_env reduction for dim 1


Atributos da base: ['SlogP', 'SMR', 'LabuteASA', 'TPSA', 'AMW', 'NumLipinskiHBA', 'NumLipinskiHBD', 'NumRotatableBonds', 'NumAtoms', 'Formal Charge']

Resultados PCA: [[ 0.1048894  -0.34382364 -0.34891229 -0.31022323 -0.34483645 -0.33127469
  -0.36760888 -0.33131191 -0.36886879 -0.20780312]]

Variance PCA: [0.68160441]



Depois do PCA
[[ 1.30640503]
 [ 0.45277803]
 [ 0.70286907]
 [-0.27503333]
 [ 0.70286907]
 [ 0.45277803]
 [-0.02434318]
 [-0.93031583]
 [-0.16790042]
 [-0.16790042]
 [-0.02434318]
 [-0.37995102]
 [-0.02494229]
 [-0.41799146]
 [-0.41799146]
 [-0.16790042]
 [-0.16790042]
 [ 0.0530405 ]
 [-0.27503333]
 [-0.21995821]
 [ 0.34786034]
 [ 0.0530405 ]
 [-0.30196823]
 [ 0.34786034]
 [-0.21995821]
 [-0.30196823]
 [-0.16790042]
 [-0.93031583]
 [ 0.59171141]
 [-0.41799146]
 [-0.16790042]
 [-0.41799146]
 [-0.16790042]
 [-0.02434318]
 [-0.02434318]
 [-0.16790042]
 [ 0.59171141]
 [ 1.47592674]
 [-0.9517968 ]
 [ 1.84661418]
 [-0.59678807]
 [-0.02494229]
 [-0.37995102]]


Antes do PCA
['SlogP', 'SMR', 'LabuteASA', 'TPSA', 'AMW', 'NumLipinskiHBA', 'NumLipinskiHBD', 'NumRotatableBonds', 'NumAtoms', 'Formal Charge'][[0.         0.11832849 0.20189988 0.54445079 0.32236571 0.42857143
  0.         0.1        0.08333333 0.        ]
 [0.68235053 0.46192126 0.47744373 0.3679802  0.4407777  0.42857143
  0.6        0.5        0.52777778 1.        ]
 [0.80290745 0.43718331 0.43269032 0.17542357 0.37553876 0.28571429
  0.4        0.5        0.5        1.        ]
 [0.47952498 0.72351681 0.74634513 0.64496478 0.73061569 0.71428571
  0.8        0.7        0.80555556 1.        ]
 [0.80290745 0.43718331 0.43269032 0.17542357 0.37553876 0.28571429
  0.4        0.5        0.5        1.        ]
 [0.68235053 0.46192126 0.47744373 0.3679802  0.4407777  0.42857143
  0.6        0.5        0.52777778 1.        ]
 [0.79922195 0.80473094 0.81299395 0.36874167 0.7715516  0.57142857
  0.4        0.6        0.88888889 1.        ]
 [0.41601147 0.88987985 0.94877714 1.         0.9672684  1.
  1.         1.         0.97222222 1.        ]
 [0.2471335  0.70161403 0.698611   0.55711022 0.66537676 0.57142857
  0.8        0.7        0.77777778 1.        ]
 [0.2471335  0.70161403 0.698611   0.55711022 0.66537676 0.57142857
  0.8        0.7        0.77777778 1.        ]
 [0.79922195 0.80473094 0.81299395 0.36874167 0.7715516  0.57142857
  0.4        0.6        0.88888889 1.        ]
 [0.79717445 0.87496248 0.84993005 0.60270322 0.82455747 0.71428571
  0.8        0.7        0.88888889 1.        ]
 [0.6000819  0.69877885 0.70159172 0.45240815 0.66537676 0.57142857
  0.6        0.7        0.77777778 1.        ]
 [0.12657658 0.72635198 0.74336441 0.74966686 0.73061569 0.71428571
  1.         0.7        0.80555556 1.        ]
 [0.12657658 0.72635198 0.74336441 0.74966686 0.73061569 0.71428571
  1.         0.7        0.80555556 1.        ]
 [0.2471335  0.70161403 0.698611   0.55711022 0.66537676 0.57142857
  0.8        0.7        0.77777778 1.        ]
 [0.2471335  0.70161403 0.698611   0.55711022 0.66537676 0.57142857
  0.8        0.7        0.77777778 1.        ]
 [0.44099099 0.63049984 0.642176   0.45240815 0.60817903 0.57142857
  0.6        0.7        0.69444444 1.        ]
 [0.47952498 0.72351681 0.74634513 0.64496478 0.73061569 0.71428571
  0.8        0.7        0.80555556 1.        ]
 [0.86056511 0.83495053 0.82042317 0.45240815 0.77977222 0.57142857
  0.6        0.8        0.94444444 1.        ]
 [1.         0.61336694 0.58102865 0.32571864 0.53471948 0.42857143
  0.6        0.5        0.61111111 1.        ]
 [0.44099099 0.63049984 0.642176   0.45240815 0.60817903 0.57142857
  0.6        0.7        0.69444444 1.        ]
 [0.63808354 0.80668347 0.79051432 0.60270322 0.76735974 0.71428571
  0.8        0.7        0.80555556 1.        ]
 [1.         0.61336694 0.58102865 0.32571864 0.53471948 0.42857143
  0.6        0.5        0.61111111 1.        ]
 [0.86056511 0.83495053 0.82042317 0.45240815 0.77977222 0.57142857
  0.6        0.8        0.94444444 1.        ]
 [0.63808354 0.80668347 0.79051432 0.60270322 0.76735974 0.71428571
  0.8        0.7        0.80555556 1.        ]
 [0.2471335  0.70161403 0.698611   0.55711022 0.66537676 0.57142857
  0.8        0.7        0.77777778 1.        ]
 [0.41601147 0.88987985 0.94877714 1.         0.9672684  1.
  1.         1.         0.97222222 1.        ]
 [0.96265356 0.50578923 0.49210605 0.17542357 0.4327365  0.28571429
  0.4        0.6        0.58333333 1.        ]
 [0.12657658 0.72635198 0.74336441 0.74966686 0.73061569 0.71428571
  1.         0.7        0.80555556 1.        ]
 [0.2471335  0.70161403 0.698611   0.55711022 0.66537676 0.57142857
  0.8        0.7        0.77777778 1.        ]
 [0.12657658 0.72635198 0.74336441 0.74966686 0.73061569 0.71428571
  1.         0.7        0.80555556 1.        ]
 [0.2471335  0.70161403 0.698611   0.55711022 0.66537676 0.57142857
  0.8        0.7        0.77777778 1.        ]
 [0.79922195 0.80473094 0.81299395 0.36874167 0.7715516  0.57142857
  0.4        0.6        0.88888889 1.        ]
 [0.79922195 0.80473094 0.81299395 0.36874167 0.7715516  0.57142857
  0.4        0.6        0.88888889 1.        ]
 [0.2471335  0.70161403 0.698611   0.55711022 0.66537676 0.57142857
  0.8        0.7        0.77777778 1.        ]
 [0.96265356 0.50578923 0.49210605 0.17542357 0.4327365  0.28571429
  0.4        0.6        0.58333333 1.        ]
 [0.27768223 0.06556568 0.04984703 0.247668   0.06122649 0.14285714
  0.4        0.         0.05555556 0.5       ]
 [0.27616708 1.         1.         0.8796878  1.         1.
  1.         0.9        1.         1.        ]
 [0.4487715  0.         0.         0.         0.         0.
  0.         0.         0.         0.5       ]
 [0.07907453 0.82381637 0.85166167 0.72939273 0.84081929 0.85714286
  0.8        0.9        0.88888889 1.        ]
 [0.6000819  0.69877885 0.70159172 0.45240815 0.66537676 0.57142857
  0.6        0.7        0.77777778 1.        ]
 [0.79717445 0.87496248 0.84993005 0.60270322 0.82455747 0.71428571
  0.8        0.7        0.88888889 1.        ]]



