######################## Base beta_trat_env reduction for dim 1


Atributos da base: ['SlogP', 'SMR', 'LabuteASA', 'TPSA', 'AMW', 'NumLipinskiHBA', 'NumLipinskiHBD', 'NumRotatableBonds', 'NumAtoms', 'Formal Charge']

Resultados PCA: [[-0.01707441  0.33307097  0.33753795  0.3756122   0.34491588  0.38195794
   0.40994772  0.29583679  0.32558705  0.08551911]]

Variance PCA: [0.58128567]



Depois do PCA
[[-1.28703742e-01]
 [ 1.16924035e-01]
 [ 8.99606619e-02]
 [ 2.73504432e-02]
 [-2.96142943e-01]
 [-1.21234815e-01]
 [-2.18277334e-01]
 [ 1.00708188e+00]
 [-2.33532724e-01]
 [-2.33532724e-01]
 [ 3.87070386e-04]
 [-2.35513468e-01]
 [-6.22231483e-02]
 [-7.90964502e-02]
 [-6.26961713e-02]
 [-3.23106315e-01]
 [-3.23106315e-01]
 [-3.07850925e-01]
 [-3.85716534e-01]
 [-3.51981313e-01]
 [-3.03353375e-01]
 [-3.51981313e-01]
 [-4.12679907e-01]
 [-4.12679907e-01]
 [-1.51796740e-01]
 [-4.75290126e-01]
 [-3.97424516e-01]
 [-4.28712051e-01]
 [-3.66032713e-01]
 [-5.75783839e-03]
 [ 5.05705789e-02]
 [ 1.28109816e-01]
 [-4.91391389e-01]
 [ 3.25512282e-01]
 [-2.25346836e-01]
 [-5.54070728e-01]
 [-4.78251436e-01]
 [-5.02253498e-01]
 [-5.02253498e-01]
 [-5.02253498e-01]
 [ 2.02809407e-02]
 [-4.23803023e-01]
 [ 1.28109816e-01]
 [-5.41446520e-01]
 [ 1.92224217e-01]
 [-1.78760113e-01]
 [ 1.92224217e-01]
 [ 1.92224217e-01]
 [ 2.11455718e+00]
 [-2.58243633e-01]
 [ 1.92224217e-01]
 [-2.09707020e-01]
 [ 2.11455718e+00]
 [ 9.87166444e-01]
 [ 2.27729467e-01]
 [-2.41370331e-01]
 [-6.92926508e-02]
 [ 9.87166444e-01]
 [-4.86998108e-01]
 [ 3.62573419e-01]
 [ 3.84016320e-01]
 [-5.91827090e-01]
 [ 8.18416862e-01]
 [ 1.46793468e-01]
 [ 5.74954845e-01]
 [ 3.25512282e-01]
 [-1.62857805e-02]
 [ 5.74954845e-01]
 [ 3.62573419e-01]
 [ 3.44195934e-01]
 [-3.92074064e-01]
 [ 3.45700118e-01]]


Antes do PCA
['SlogP', 'SMR', 'LabuteASA', 'TPSA', 'AMW', 'NumLipinskiHBA', 'NumLipinskiHBD', 'NumRotatableBonds', 'NumAtoms', 'Formal Charge'][[0.69165918 0.22265493 0.22904156 0.16148301 0.21623858 0.11111111
  0.         0.54545455 0.29545455 0.33333333]
 [0.84415584 0.25175291 0.20602766 0.07572949 0.1825422  0.
  0.6        0.54545455 0.38636364 1.        ]
 [0.84365992 0.25151996 0.20602766 0.07572949 0.1825422  0.
  0.6        0.45454545 0.38636364 1.        ]
 [0.72324334 0.20286628 0.16551672 0.07572949 0.14604625 0.
  0.6        0.45454545 0.31818182 1.        ]
 [0.83491926 0.14689283 0.12153283 0.0248541  0.10948785 0.
  0.2        0.36363636 0.20454545 0.66666667]
 [0.7026315  0.37381489 0.35346574 0.16148301 0.32550528 0.11111111
  0.         0.18181818 0.25       0.33333333]
 [0.57074668 0.1737683  0.18853061 0.16148301 0.17974263 0.11111111
  0.         0.45454545 0.22727273 0.33333333]
 [0.16052444 0.49242824 0.51483061 0.56828012 0.53135212 0.55555556
  0.8        0.63636364 0.68181818 0.66666667]
 [0.95533583 0.19554652 0.16204378 0.0248541  0.14598381 0.
  0.2        0.36363636 0.27272727 0.66666667]
 [0.95533583 0.19554652 0.16204378 0.0248541  0.14598381 0.
  0.2        0.36363636 0.27272727 0.66666667]
 [0.72274742 0.20263333 0.16551672 0.07572949 0.14604625 0.
  0.6        0.36363636 0.31818182 1.        ]
 [0.5013173  0.172773   0.1841415  0.16148301 0.17449733 0.11111111
  0.         0.45454545 0.18181818 0.33333333]
 [0.60233084 0.15397965 0.12500577 0.07572949 0.1095503  0.
  0.6        0.36363636 0.25       1.        ]
 [0.58723615 0.20651186 0.16685312 0.         0.14604625 0.
  0.4        0.45454545 0.31818182 1.        ]
 [0.89222949 0.36589689 0.35310293 0.27868177 0.38281852 0.22222222
  0.         0.09090909 0.20454545 0.33333333]
 [0.83442333 0.14665989 0.12153283 0.0248541  0.10948785 0.
  0.2        0.27272727 0.20454545 0.66666667]
 [0.83442333 0.14665989 0.12153283 0.0248541  0.10948785 0.
  0.2        0.27272727 0.20454545 0.66666667]
 [0.44983418 0.12488167 0.14801967 0.16148301 0.14324667 0.11111111
  0.         0.36363636 0.15909091 0.33333333]
 [0.71400676 0.0980062  0.08102189 0.0248541  0.0729919  0.
  0.2        0.27272727 0.13636364 0.66666667]
 [0.3804048  0.12388637 0.14363055 0.16148301 0.13800137 0.11111111
  0.         0.27272727 0.11363636 0.33333333]
 [1.         0.22204928 0.19615291 0.0248541  0.17723446 0.
  0.2        0.         0.29545455 0.66666667]
 [0.3804048  0.12388637 0.14363055 0.16148301 0.13800137 0.11111111
  0.         0.27272727 0.11363636 0.33333333]
 [0.71351083 0.09777326 0.08102189 0.0248541  0.0729919  0.
  0.2        0.18181818 0.13636364 0.66666667]
 [0.71351083 0.09777326 0.08102189 0.0248541  0.0729919  0.
  0.2        0.18181818 0.13636364 0.66666667]
 [0.48141834 0.10509302 0.08449483 0.07572949 0.07305435 0.
  0.6        0.27272727 0.18181818 1.        ]
 [0.59309426 0.04911957 0.04051094 0.0248541  0.03649595 0.
  0.2        0.18181818 0.06818182 0.66666667]
 [0.32892167 0.07599504 0.10750873 0.16148301 0.10675072 0.11111111
  0.         0.27272727 0.09090909 0.33333333]
 [0.758175   0.12427602 0.11513102 0.0248541  0.10424255 0.
  0.2        0.         0.15909091 0.66666667]
 [0.8790875  0.17316265 0.15564196 0.0248541  0.14073851 0.
  0.2        0.         0.22727273 0.66666667]
 [0.59328643 0.26770962 0.22660081 0.07572949 0.19805695 0.
  0.6        0.18181818 0.27272727 1.        ]
 [0.72442116 0.39361943 0.34306824 0.         0.3022995  0.
  0.4        0.18181818 0.43181818 1.        ]
 [0.50035645 0.28692756 0.25914699 0.13910058 0.23968372 0.11111111
  0.6        0.27272727 0.29545455 1.        ]
 [0.6372625  0.07538939 0.07462007 0.0248541  0.0677466  0.
  0.2        0.         0.09090909 0.66666667]
 [0.50302204 0.35630274 0.33220411 0.20247168 0.31780644 0.22222222
  0.6        0.36363636 0.38636364 1.        ]
 [0.46610669 0.23734104 0.24961471 0.16148301 0.23175333 0.11111111
  0.         0.27272727 0.18181818 0.33333333]
 [0.51635    0.02650276 0.03410913 0.0248541  0.03125065 0.
  0.2        0.         0.02272727 0.66666667]
 [0.89895546 0.16183518 0.15161494 0.00315826 0.1354932  0.
  0.         0.         0.18181818 0.66666667]
 [0.59259833 0.04888663 0.04051094 0.0248541  0.03649595 0.
  0.2        0.09090909 0.06818182 0.66666667]
 [0.59259833 0.04888663 0.04051094 0.0248541  0.03649595 0.
  0.2        0.09090909 0.06818182 0.66666667]
 [0.59259833 0.04888663 0.04051094 0.0248541  0.03649595 0.
  0.2        0.09090909 0.06818182 0.66666667]
 [0.61860335 0.26643902 0.22660081 0.07572949 0.19805695 0.
  0.6        0.27272727 0.27272727 1.        ]
 [0.28425751 0.07525386 0.10750873 0.16148301 0.10675072 0.11111111
  0.         0.18181818 0.09090909 0.33333333]
 [0.50035645 0.28692756 0.25914699 0.13910058 0.23968372 0.11111111
  0.6        0.27272727 0.29545455 1.        ]
 [0.82270713 0.11368974 0.111104   0.00315826 0.09899725 0.
  0.         0.         0.11363636 0.66666667]
 [0.44521588 0.3320352  0.29896202 0.13889461 0.27617967 0.11111111
  0.6        0.27272727 0.36363636 1.        ]
 [0.48092242 0.10486007 0.08449483 0.07572949 0.07305435 0.
  0.6        0.18181818 0.18181818 1.        ]
 [0.44521588 0.3320352  0.29896202 0.13889461 0.27617967 0.11111111
  0.6        0.27272727 0.36363636 1.        ]
 [0.44521588 0.3320352  0.29896202 0.13889461 0.27617967 0.11111111
  0.6        0.27272727 0.36363636 1.        ]
 [0.86743328 1.         1.         1.         1.         1.
  1.         1.         1.         0.66666667]
 [0.34541115 0.1087386  0.08583124 0.         0.07305435 0.
  0.4        0.27272727 0.18181818 1.        ]
 [0.44521588 0.3320352  0.29896202 0.13889461 0.27617967 0.11111111
  0.6        0.27272727 0.36363636 1.        ]
 [0.43917181 0.13899177 0.14564488 0.16374871 0.14586933 0.11111111
  0.4        0.         0.18181818 0.66666667]
 [0.86743328 1.         1.         1.         1.         1.
  1.         1.         1.         0.66666667]
 [0.73319282 0.53684762 0.5630154  0.66131136 0.57544283 0.66666667
  0.6        0.63636364 0.52272727 0.66666667]
 [0.5241608  0.3370901  0.32669885 0.22711981 0.317744   0.22222222
  0.4        0.45454545 0.34090909 0.66666667]
 [0.36050584 0.05620639 0.04398389 0.07572949 0.0365584  0.
  0.6        0.18181818 0.11363636 1.        ]
 [0.49769085 0.21755239 0.18608987 0.07572949 0.161561   0.
  0.6        0.18181818 0.20454545 1.        ]
 [0.73319282 0.53684762 0.5630154  0.66131136 0.57544283 0.66666667
  0.6        0.63636364 0.52272727 0.66666667]
 [0.20800917 0.02710841 0.06699778 0.16148301 0.07025477 0.11111111
  0.         0.18181818 0.02272727 0.33333333]
 [0.24864396 0.24847686 0.24711758 0.35351871 0.24481454 0.22222222
  1.         0.18181818 0.25       1.        ]
 [0.55255246 0.45021442 0.4907627  0.67140405 0.58850925 0.55555556
  0.         0.18181818 0.27272727 0.        ]
 [0.47168583 0.         0.         0.0248541  0.         0.
  0.2        0.         0.         0.66666667]
 [0.         0.46040892 0.49489282 0.56828012 0.51037092 0.55555556
  0.8        0.27272727 0.5        0.66666667]
 [0.40644081 0.23517995 0.21660373 0.2146241  0.20318777 0.11111111
  0.8        0.18181818 0.22727273 1.        ]
 [0.51411834 0.42032231 0.42296049 0.4807415  0.42444269 0.44444444
  0.6        0.36363636 0.38636364 0.66666667]
 [0.50302204 0.35630274 0.33220411 0.20247168 0.31780644 0.22222222
  0.6        0.36363636 0.38636364 1.        ]
 [0.24473856 0.12187563 0.11704101 0.13910058 0.11468112 0.11111111
  0.6        0.36363636 0.20454545 1.        ]
 [0.51411834 0.42032231 0.42296049 0.4807415  0.42444269 0.44444444
  0.6        0.36363636 0.38636364 0.66666667]
 [0.24864396 0.24847686 0.24711758 0.35351871 0.24481454 0.22222222
  1.         0.18181818 0.25       1.        ]
 [0.40910641 0.30455513 0.28966085 0.27799519 0.28131049 0.22222222
  0.8        0.27272727 0.31818182 1.        ]
 [0.4405046  0.10065225 0.10591626 0.08575352 0.10156787 0.11111111
  0.2        0.         0.09090909 0.66666667]
 [0.23354927 0.30100907 0.28896493 0.27778922 0.28131049 0.22222222
  0.8        0.27272727 0.31818182 1.        ]]



