######################## Base beta_trat_env reduction for dim 1


Atributos da base: ['pH', 'Temp']

Resultados PCA: [[0.99927433 0.03808964]]

Variance PCA: [0.74575114]



Depois do PCA
[[-0.04071987]
 [-0.04071987]
 [-0.04071987]
 [-0.04071987]
 [-0.04071987]
 [ 0.95855446]
 [-0.04071987]
 [-0.04204858]
 [-0.04071987]
 [-0.04071987]
 [-0.04071987]
 [-0.04071987]
 [-0.04071987]
 [-0.04071987]
 [ 0.95855446]
 [-0.04071987]
 [-0.04071987]
 [-0.04071987]
 [-0.04071987]
 [-0.04071987]
 [-0.04071987]
 [-0.04071987]
 [-0.04071987]
 [-0.04071987]
 [-0.04071987]
 [-0.04071987]
 [-0.04071987]
 [-0.07880951]
 [-0.04071987]
 [-0.04204858]
 [-0.04204858]
 [-0.04204858]
 [-0.04071987]
 [-0.04204858]
 [-0.04204858]
 [-0.04071987]
 [-0.04071987]
 [-0.04071987]
 [-0.04071987]
 [-0.04071987]
 [-0.04204858]
 [-0.04071987]
 [-0.04204858]
 [-0.04071987]
 [-0.04204858]
 [-0.04071987]
 [-0.04204858]
 [-0.04204858]
 [-0.04071987]
 [-0.04071987]
 [-0.04204858]
 [-0.04071987]
 [-0.04071987]
 [-0.04071987]
 [-0.04204858]
 [-0.04071987]
 [-0.04204858]
 [-0.04071987]
 [-0.04071987]
 [-0.04204858]
 [ 0.95855446]
 [-0.04071987]
 [-0.04204858]
 [-0.04204858]
 [-0.04071987]
 [-0.04204858]
 [-0.04071987]
 [-0.04071987]
 [-0.04204858]
 [-0.04204858]
 [-0.04071987]
 [-0.04204858]]


Antes do PCA
['pH', 'Temp'][[0.         1.        ]
 [0.         1.        ]
 [0.         1.        ]
 [0.         1.        ]
 [0.         1.        ]
 [1.         1.        ]
 [0.         1.        ]
 [0.         0.96511628]
 [0.         1.        ]
 [0.         1.        ]
 [0.         1.        ]
 [0.         1.        ]
 [0.         1.        ]
 [0.         1.        ]
 [1.         1.        ]
 [0.         1.        ]
 [0.         1.        ]
 [0.         1.        ]
 [0.         1.        ]
 [0.         1.        ]
 [0.         1.        ]
 [0.         1.        ]
 [0.         1.        ]
 [0.         1.        ]
 [0.         1.        ]
 [0.         1.        ]
 [0.         1.        ]
 [0.         0.        ]
 [0.         1.        ]
 [0.         0.96511628]
 [0.         0.96511628]
 [0.         0.96511628]
 [0.         1.        ]
 [0.         0.96511628]
 [0.         0.96511628]
 [0.         1.        ]
 [0.         1.        ]
 [0.         1.        ]
 [0.         1.        ]
 [0.         1.        ]
 [0.         0.96511628]
 [0.         1.        ]
 [0.         0.96511628]
 [0.         1.        ]
 [0.         0.96511628]
 [0.         1.        ]
 [0.         0.96511628]
 [0.         0.96511628]
 [0.         1.        ]
 [0.         1.        ]
 [0.         0.96511628]
 [0.         1.        ]
 [0.         1.        ]
 [0.         1.        ]
 [0.         0.96511628]
 [0.         1.        ]
 [0.         0.96511628]
 [0.         1.        ]
 [0.         1.        ]
 [0.         0.96511628]
 [1.         1.        ]
 [0.         1.        ]
 [0.         0.96511628]
 [0.         0.96511628]
 [0.         1.        ]
 [0.         0.96511628]
 [0.         1.        ]
 [0.         1.        ]
 [0.         0.96511628]
 [0.         0.96511628]
 [0.         1.        ]
 [0.         0.96511628]]



