######################## Base beta_trat_env reduction for dim 3


Atributos da base: ['pH', 'Temp', 'SlogP', 'SMR', 'LabuteASA', 'TPSA', 'AMW', 'NumLipinskiHBA', 'NumLipinskiHBD', 'NumRotatableBonds', 'NumAtoms', 'Formal Charge', 'SlogP (#1)', 'SMR (#1)', 'LabuteASA (#1)', 'TPSA (#1)', 'AMW (#1)', 'NumLipinskiHBA (#1)', 'NumLipinskiHBD (#1)', 'NumRotatableBonds (#1)', 'NumAtoms (#1)']

Resultados PCA: [[ 0.01239301  0.01361223 -0.01666854  0.33335318  0.33789345  0.3761173
   0.34538202  0.38240623  0.40834954  0.2957175   0.32542779  0.08365428
   0.          0.          0.          0.          0.          0.
   0.          0.          0.        ]
 [ 0.33020019  0.01634446  0.15733862  0.08615887  0.12319941  0.18506567
   0.14990729  0.19745464 -0.55334333  0.04688528 -0.00429353 -0.66274314
   0.          0.          0.          0.          0.          0.
   0.          0.          0.        ]
 [ 0.01337148  0.0245689  -0.88620046 -0.12248413 -0.05723426  0.21068434
  -0.02581046  0.1744718   0.09377459 -0.17274096 -0.18885039 -0.2140003
   0.          0.          0.          0.          0.          0.
   0.          0.          0.        ]]

Variance PCA: [0.52170609 0.2472181  0.09823002]



Depois do PCA
[[-1.27537410e-01  4.88767202e-01 -1.17106286e-01]
 [ 1.15826855e-01 -3.04653280e-01 -3.94649054e-01]
 [ 8.88740589e-02 -3.09013677e-01 -3.78477310e-01]
 [ 2.61806806e-02 -3.42320994e-01 -2.49668026e-01]
 [-2.96051728e-01  8.85901983e-02 -2.78049492e-01]
 [-1.07482577e-01  8.48572364e-01 -7.05157276e-02]
 [-2.17183584e-01  4.51099488e-01  2.78747422e-02]
 [ 1.00631460e+00  1.23754587e-02  3.73461802e-01]
 [-2.33358350e-01  1.21897515e-01 -4.06858776e-01]
 [-2.33358350e-01  1.21897515e-01 -4.06858776e-01]
 [-7.72115377e-04 -3.46681391e-01 -2.33496283e-01]
 [-2.34444946e-01  4.38957926e-01  9.84956982e-02]
 [-6.34654937e-02 -3.79988708e-01 -1.04686999e-01]
 [-8.00385257e-02 -2.66587696e-01 -1.64371340e-01]
 [-4.87155396e-02  9.25829952e-01 -1.70660710e-01]
 [-3.23004524e-01  8.42298016e-02 -2.61877748e-01]
 [-3.23004524e-01  8.42298016e-02 -2.61877748e-01]
 [-3.06829759e-01  4.13431774e-01  1.72855770e-01]
 [-3.85697902e-01  5.09224846e-02 -1.33068464e-01]
 [-3.50974530e-01  3.97027914e-01  2.59180450e-01]
 [-3.03086945e-01  1.22948512e-01 -3.93922313e-01]
 [-3.50974530e-01  3.97027914e-01  2.59180450e-01]
 [-4.12650698e-01  4.65620878e-02 -1.16896721e-01]
 [-4.12650698e-01  4.65620878e-02 -1.16896721e-01]
 [-1.53111668e-01 -4.17656421e-01  4.02940292e-02]
 [-4.75344077e-01  1.32547708e-02  1.19125634e-02]
 [-3.96475933e-01  3.75764061e-01  3.17836798e-01]
 [-4.42224705e-01  3.97932263e-02 -1.59936605e-01]
 [-3.65849709e-01  8.95430971e-02 -2.64645008e-01]
 [-7.35116254e-03 -3.55020988e-01 -9.24427252e-02]
 [ 4.94120557e-02 -1.97594071e-01 -2.98187132e-01]
 [ 1.26582527e-01 -3.19904903e-01 -2.63791282e-03]
 [-4.91375239e-01  2.27322665e-02 -6.09040015e-03]
 [ 3.24124539e-01 -2.55257259e-01 -1.98301618e-02]
 [-2.24677575e-01  4.46535648e-01  1.47116077e-01]
 [-5.54138004e-01 -1.06731488e-02  1.23186904e-01]
 [-4.77751526e-01  1.97259367e-01 -2.95240485e-01]
 [-5.02296873e-01  8.89437408e-03  2.80843072e-02]
 [-5.02296873e-01  8.89437408e-03  2.80843072e-02]
 [-5.02296873e-01  8.89437408e-03  2.80843072e-02]
 [ 1.86866895e-02 -3.46884834e-01 -1.30426692e-01]
 [-4.22861933e-01  3.64410504e-01  3.73212710e-01]
 [ 1.26582527e-01 -3.19904903e-01 -2.63791282e-03]
 [-5.41011700e-01  1.70945210e-01 -2.05635370e-01]
 [ 1.90707483e-01 -3.14648883e-01  2.45623920e-02]
 [-1.80064464e-01 -4.22016818e-01  5.64657730e-02]
 [ 1.90707483e-01 -3.14648883e-01  2.45623920e-02]
 [ 1.90707483e-01 -3.14648883e-01  2.45623920e-02]
 [ 2.11508946e+00  3.70596352e-01 -2.89826998e-01]
 [-2.59330874e-01 -3.41923123e-01  1.25590716e-01]
 [ 1.90707483e-01 -3.14648883e-01  2.45623920e-02]
 [-2.09905802e-01 -4.59087173e-02  2.05821320e-01]
 [ 2.11508946e+00  3.70596352e-01 -2.89826998e-01]
 [ 9.87598428e-01  2.69929465e-01 -9.22411760e-02]
 [ 2.27292986e-01  8.63277662e-02  1.47584766e-02]
 [-2.42757842e-01 -4.55324135e-01  1.85275057e-01]
 [-7.09594848e-02 -3.84552548e-01  1.45543362e-02]
 [ 9.87598428e-01  2.69929465e-01 -9.22411760e-02]
 [-4.86122107e-01  3.38096347e-01  4.62817825e-01]
 [ 3.60468157e-01 -5.27318366e-01  3.52053440e-01]
 [ 3.98975403e-01  1.29082605e+00  2.90497093e-01]
 [-5.91943047e-01 -2.87733397e-02  1.73065335e-01]
 [ 8.17630857e-01 -3.75100940e-02  6.18474481e-01]
 [ 1.44921536e-01 -4.50513703e-01  1.53551759e-01]
 [ 5.75008273e-01  9.60326908e-02  1.24137298e-01]
 [ 3.24124539e-01 -2.55257259e-01 -1.98301618e-02]
 [-1.75937041e-02 -4.05367557e-01  2.57788276e-01]
 [ 5.75008273e-01  9.60326908e-02  1.24137298e-01]
 [ 3.60468157e-01 -5.27318366e-01  3.52053440e-01]
 [ 3.42463547e-01 -3.85866058e-01  1.36359510e-01]
 [-3.92023181e-01  3.60867925e-02  1.94734392e-01]
 [ 3.43895125e-01 -4.13917355e-01  2.92369099e-01]]


Antes do PCA
['pH', 'Temp', 'SlogP', 'SMR', 'LabuteASA', 'TPSA', 'AMW', 'NumLipinskiHBA', 'NumLipinskiHBD', 'NumRotatableBonds', 'NumAtoms', 'Formal Charge', 'SlogP (#1)', 'SMR (#1)', 'LabuteASA (#1)', 'TPSA (#1)', 'AMW (#1)', 'NumLipinskiHBA (#1)', 'NumLipinskiHBD (#1)', 'NumRotatableBonds (#1)', 'NumAtoms (#1)'][[0.         1.         0.69165918 ... 0.         0.         0.        ]
 [0.         1.         0.84415584 ... 0.         0.         0.        ]
 [0.         1.         0.84365992 ... 0.         0.         0.        ]
 ...
 [0.         0.96511628 0.40910641 ... 0.         0.         0.        ]
 [0.         1.         0.4405046  ... 0.         0.         0.        ]
 [0.         0.96511628 0.23354927 ... 0.         0.         0.        ]]



