######################## Base HostGuest_dataset reduction for dim 2


Atributos da base: ['SlogP', 'SMR', 'LabuteASA', 'TPSA', 'AMW', 'NumLipinskiHBA', 'NumLipinskiHBD', 'NumRotatableBonds']

Resultados PCA: [[ 0.33600311  0.3855338   0.38536879  0.37926862  0.38481174  0.3817693
  -0.01573201  0.38991849]
 [ 0.94173847 -0.13332741 -0.13531432 -0.13964031 -0.1359509  -0.1383916
  -0.0088491  -0.1408186 ]]

Variance PCA: [0.80715863 0.11927911]



Depois do PCA
[[-6.26849337e-02 -7.26539584e-02]
 [-6.53137548e-02 -8.12533960e-02]
 [-1.75645658e-02  5.62524449e-02]
 [-4.82367157e-02 -3.48489870e-02]
 [-3.07502384e-02  1.84143980e-02]
 [-6.38818503e-02 -8.19069903e-02]
 [-6.26849337e-02 -7.26539584e-02]
 [-6.53137548e-02 -8.12533960e-02]
 [-1.75645658e-02  5.62524449e-02]
 [-4.82367157e-02 -3.48489870e-02]
 [-3.07502384e-02  1.84143980e-02]
 [-6.38818503e-02 -8.19069903e-02]
 [-6.49410206e-02 -6.61606171e-02]
 [-4.29852432e-02 -2.93830960e-03]
 [ 6.16319106e-02  3.00983345e-01]
 [-3.09626956e-02  1.90998482e-02]
 [ 1.81669332e-02  1.47359539e-01]
 [ 9.96381791e-03  1.00728204e-01]
 [ 1.63834544e-02  1.00368182e-01]
 [ 2.76753364e-01  8.58207983e-01]
 [-4.04667451e-02 -1.58633679e-02]
 [-4.14860888e-03  8.37805568e-02]
 [-6.49410206e-02 -6.61606171e-02]
 [-6.78193918e-02 -7.95796287e-02]
 [-6.82965943e-02 -8.12447630e-02]
 [-6.27416842e-02 -5.94157481e-02]
 [-5.77030037e-02 -4.48850263e-02]
 [-6.68020104e-02 -7.66496562e-02]
 [-6.20728819e-02 -6.43026676e-02]
 [-5.96987095e-02 -5.76403242e-02]
 [-5.10423605e-02 -3.39481951e-02]
 [-3.56535444e-02  1.00040869e-02]
 [-6.66737215e-02 -7.70369114e-02]
 [-4.79960590e-02 -2.65360433e-02]
 [-5.42147119e-02 -4.37680397e-02]
 [-6.72711271e-02 -8.01270986e-02]
 [-4.85379923e-02 -3.01294523e-02]
 [-3.93547690e-02 -4.97531155e-03]
 [-3.03756413e-02  1.95111943e-02]
 [-2.70268784e-02  2.91763887e-02]
 [-2.70268784e-02  2.91763887e-02]
 [-4.08167920e-02 -8.65332965e-03]
 [-3.23543980e-02  1.44710346e-02]
 [-5.17534187e-02 -3.87771061e-02]
 [-2.69736697e-02  2.95481194e-02]
 [ 8.08968818e-02  3.20972112e-01]
 [-3.45994697e-02  5.86762552e-04]
 [ 5.15129534e-02  2.26404423e-01]
 [-4.62228701e-02 -2.62456623e-02]
 [-1.19018119e-03  9.54818387e-02]
 [ 1.75043879e-01  5.57637990e-01]
 [ 4.70180729e-02  2.23986665e-01]
 [-5.08701464e-02 -4.40127832e-02]
 [-1.58145771e-02  4.90634721e-02]
 [-5.08701464e-02 -4.40127832e-02]
 [-1.58145771e-02  4.90634721e-02]
 [-5.27224199e-03  9.10404854e-02]
 [-1.85156590e-02  5.30410929e-02]
 [-1.85156590e-02  5.30410929e-02]
 [-4.89679250e-02 -2.93583175e-02]
 [-2.86403070e-02  2.47548733e-02]
 [-2.25347405e-02  4.39139908e-02]
 [-5.40366542e-02 -5.00553558e-02]
 [-5.45251749e-02 -4.77963201e-02]
 [ 2.40792191e+00 -2.42273585e-01]
 [ 2.47328076e+00 -1.06495506e-01]
 [ 2.54294027e+00 -5.14522601e-02]
 [ 2.40792191e+00 -2.42273585e-01]
 [ 2.47328076e+00 -1.06495506e-01]
 [ 2.54294027e+00 -5.14522601e-02]
 [ 7.79254000e-03  1.05026791e-01]
 [ 7.79254000e-03  1.05026791e-01]
 [ 7.79254000e-03  1.05026791e-01]
 [-6.40546000e-02 -7.88165628e-02]
 [-6.40546000e-02 -7.88165628e-02]
 [-1.85156590e-02  5.30410929e-02]
 [-1.85156590e-02  5.30410929e-02]
 [-6.11698501e-02 -6.50084976e-02]
 [-6.10447942e-02 -6.49322125e-02]
 [-1.85156590e-02  5.30410929e-02]
 [-1.85156590e-02  5.30410929e-02]
 [-1.85156590e-02  5.30410929e-02]
 [-5.58288607e-02 -4.93011702e-02]
 [-1.85156590e-02  5.30410929e-02]
 [-5.45251749e-02 -4.77963201e-02]
 [-5.58288607e-02 -4.93011702e-02]
 [-5.14261402e-02 -3.86923442e-02]
 [-4.22131616e-03  9.19795701e-02]
 [-5.58288607e-02 -4.93011702e-02]
 [-5.77942377e-02 -5.67787048e-02]
 [-5.14261402e-02 -3.86923442e-02]
 [-4.82413081e-02 -2.88984763e-02]
 [-5.27224199e-03  9.10404854e-02]
 [-4.22131616e-03  9.19795701e-02]
 [-4.82413081e-02 -2.88984763e-02]
 [-5.14261402e-02 -3.86923442e-02]
 [-5.27224199e-03  9.10404854e-02]
 [-2.74216836e-02  3.02242605e-02]
 [-2.28201857e-02  4.23070239e-02]
 [-2.74216836e-02  3.02242605e-02]
 [-4.89679250e-02 -2.93583175e-02]
 [-2.86403070e-02  2.47548733e-02]
 [-4.82413081e-02 -2.88984763e-02]
 [-4.40760953e-02 -4.31548551e-02]
 [-2.25347405e-02  4.39139908e-02]
 [-2.74216836e-02  3.02242605e-02]
 [-3.91237360e-02 -3.83282516e-03]
 [-7.34249148e-03  8.17834447e-02]
 [ 1.28086352e-02  1.37141305e-01]
 [ 3.58728473e-02  2.00574458e-01]
 [ 6.18501451e-02  2.72082903e-01]
 [-3.89054881e-02 -4.70639785e-03]
 [-2.45805326e-02  3.45008772e-02]
 [-7.34249148e-03  8.17834447e-02]
 [ 1.28086352e-02  1.37141305e-01]
 [ 3.58728473e-02  2.00574458e-01]
 [ 6.18501451e-02  2.72082903e-01]
 [ 4.06777327e-03  1.16756222e-01]
 [ 2.59709371e-02  1.77269047e-01]
 [-5.93847800e-02 -5.82673524e-02]
 [-5.09942764e-02 -3.51769796e-02]
 [-3.96972773e-02 -4.00893424e-03]
 [-2.54937827e-02  3.52367836e-02]
 [-1.18477444e-02  7.22424084e-02]
 [-1.18477444e-02  7.22424084e-02]
 [-2.10011306e-02  4.67126878e-02]
 [-2.10011306e-02  4.67126878e-02]
 [-5.93847800e-02 -5.82673524e-02]
 [-5.09942764e-02 -3.51769796e-02]
 [-3.96972773e-02 -4.00893424e-03]
 [-2.54937827e-02  3.52367836e-02]
 [-1.18477444e-02  7.22424084e-02]
 [-1.18477444e-02  7.22424084e-02]
 [-2.10011306e-02  4.67126878e-02]
 [-2.10011306e-02  4.67126878e-02]
 [-5.93847800e-02 -5.82673524e-02]
 [-5.09942764e-02 -3.51769796e-02]
 [-3.96972773e-02 -4.00893424e-03]
 [-2.54937827e-02  3.52367836e-02]
 [-1.18477444e-02  7.22424084e-02]
 [-1.18477444e-02  7.22424084e-02]
 [-2.10011306e-02  4.67126878e-02]
 [-2.10011306e-02  4.67126878e-02]
 [-5.93847800e-02 -5.82673524e-02]
 [-5.09942764e-02 -3.51769796e-02]
 [-3.96972773e-02 -4.00893424e-03]
 [-2.54937827e-02  3.52367836e-02]
 [-1.18477444e-02  7.22424084e-02]
 [-1.18477444e-02  7.22424084e-02]
 [-2.10011306e-02  4.67126878e-02]
 [-2.10011306e-02  4.67126878e-02]
 [-5.93847800e-02 -5.82673524e-02]
 [-5.09942764e-02 -3.51769796e-02]
 [-3.96972773e-02 -4.00893424e-03]
 [-2.54937827e-02  3.52367836e-02]
 [-1.18477444e-02  7.22424084e-02]
 [-1.18477444e-02  7.22424084e-02]
 [-2.10011306e-02  4.67126878e-02]
 [-2.10011306e-02  4.67126878e-02]
 [-5.93847800e-02 -5.82673524e-02]
 [-5.09942764e-02 -3.51769796e-02]
 [-3.96972773e-02 -4.00893424e-03]
 [-2.54937827e-02  3.52367836e-02]
 [-1.18477444e-02  7.22424084e-02]
 [-1.18477444e-02  7.22424084e-02]
 [-2.10011306e-02  4.67126878e-02]
 [-2.10011306e-02  4.67126878e-02]
 [-1.18477444e-02  7.22424084e-02]
 [-1.18477444e-02  7.22424084e-02]
 [-2.10011306e-02  4.67126878e-02]
 [-2.10011306e-02  4.67126878e-02]
 [ 6.55667879e-03  1.17680364e-01]
 [ 5.37190307e-02  2.47097114e-01]
 [ 1.12533725e-01  4.08815034e-01]
 [ 5.37190307e-02  2.47097114e-01]
 [ 1.12533725e-01  4.08815034e-01]
 [ 7.43264255e-03  1.24404936e-01]
 [ 7.43264255e-03  1.24404936e-01]
 [ 7.43264255e-03  1.24404936e-01]
 [ 1.14262429e-01  4.19214901e-01]
 [ 1.14262429e-01  4.19214901e-01]
 [ 1.14262429e-01  4.19214901e-01]
 [ 1.14262429e-01  4.19214901e-01]
 [ 1.14262429e-01  4.19214901e-01]
 [ 1.14262429e-01  4.19214901e-01]
 [-4.88967865e-03  9.11748867e-02]
 [-2.07631824e-02  4.68391650e-02]
 [-4.88967865e-03  9.11748867e-02]
 [-2.07631824e-02  4.68391650e-02]
 [-4.88967865e-03  9.11748867e-02]
 [-2.07631824e-02  4.68391650e-02]
 [-4.36812533e-02 -4.45676037e-02]
 [-4.36812533e-02 -4.45676037e-02]
 [-4.36812533e-02 -4.45676037e-02]
 [-4.36812533e-02 -4.45676037e-02]
 [-4.36812533e-02 -4.45676037e-02]
 [-4.36812533e-02 -4.45676037e-02]
 [-4.36812533e-02 -4.45676037e-02]
 [-4.36812533e-02 -4.45676037e-02]
 [-4.89281260e-02 -6.34869420e-02]
 [-4.89281260e-02 -6.34869420e-02]
 [-4.89281260e-02 -6.34869420e-02]
 [-4.89281260e-02 -6.34869420e-02]
 [-1.01417971e-02  5.79737053e-02]
 [-1.01417971e-02  5.79737053e-02]
 [ 2.72200164e-03  9.75221700e-02]
 [ 2.72200164e-03  9.75221700e-02]
 [ 2.39293612e-02  1.55466929e-01]
 [ 2.39293612e-02  1.55466929e-01]
 [-3.04706461e-02 -6.06784459e-03]
 [-3.04706461e-02 -6.06784459e-03]
 [-4.81608573e-02 -6.87006574e-02]
 [ 3.02041426e-02  1.69129036e-01]
 [ 3.02041426e-02  1.69129036e-01]
 [-1.07873987e-02  4.25526353e-02]
 [-1.07873987e-02  4.25526353e-02]
 [-3.62765034e-02 -4.30665640e-02]
 [-1.58339991e-02  3.33697517e-02]
 [-1.58339991e-02  3.33697517e-02]
 [-2.57124585e-02  1.19605909e-03]
 [-2.57124585e-02  1.19605909e-03]
 [ 7.45022586e-03  9.19051002e-02]
 [ 7.45022586e-03  9.19051002e-02]
 [ 1.46104539e-02  1.15149369e-01]
 [ 1.46104539e-02  1.15149369e-01]
 [ 7.01412851e-03  9.45913503e-02]
 [ 7.01412851e-03  9.45913503e-02]
 [ 7.01412851e-03  9.45913503e-02]
 [ 7.01412851e-03  9.45913503e-02]
 [-6.17517626e-02 -6.46785124e-02]
 [-6.17517626e-02 -6.46785124e-02]
 [-6.17517626e-02 -6.46785124e-02]
 [-6.17517626e-02 -6.46785124e-02]
 [-5.44140265e-02 -4.45421506e-02]
 [-5.44140265e-02 -4.45421506e-02]
 [-4.41632049e-02 -1.63304963e-02]
 [-4.41632049e-02 -1.63304963e-02]
 [-6.56002491e-02 -7.83256152e-02]
 [-6.56002491e-02 -7.83256152e-02]
 [-6.56002491e-02 -7.83256152e-02]
 [-6.56002491e-02 -7.83256152e-02]
 [-6.21388350e-02 -6.42801197e-02]
 [-6.21388350e-02 -6.42801197e-02]
 [-5.47239540e-02 -4.91804150e-02]
 [-5.47239540e-02 -4.91804150e-02]
 [-5.47239540e-02 -4.91804150e-02]
 [-5.47239540e-02 -4.91804150e-02]
 [-5.93847800e-02 -5.82673524e-02]
 [-5.93847800e-02 -5.82673524e-02]
 [-5.09942764e-02 -3.51769796e-02]
 [-5.09942764e-02 -3.51769796e-02]
 [-5.09942764e-02 -3.51769796e-02]
 [-5.09942764e-02 -3.51769796e-02]
 [-3.96972773e-02 -4.00893424e-03]
 [-3.96972773e-02 -4.00893424e-03]
 [-6.42523709e-02 -8.12113740e-02]
 [-6.42523709e-02 -8.12113740e-02]
 [-5.54610738e-02 -5.92165316e-02]
 [-5.54610738e-02 -5.92165316e-02]
 [-5.28479200e-02 -4.02886572e-02]
 [-5.28479200e-02 -4.02886572e-02]
 [-5.29093760e-02 -4.03864608e-02]
 [-5.29093760e-02 -4.03864608e-02]
 [-6.51332555e-02 -7.76427438e-02]
 [-6.51332555e-02 -7.76427438e-02]
 [-6.48408766e-02 -7.75152821e-02]
 [-6.48408766e-02 -7.75152821e-02]
 [-6.53254958e-02 -8.14066794e-02]
 [-6.53254958e-02 -8.14066794e-02]
 [-6.53254958e-02 -8.14066794e-02]
 [-6.53254958e-02 -8.14066794e-02]
 [-6.60358614e-02 -7.58246685e-02]
 [-6.60358614e-02 -7.58246685e-02]
 [-6.82629828e-02 -8.17568928e-02]
 [-6.82629828e-02 -8.17568928e-02]
 [-6.16059368e-02 -7.49185800e-02]
 [-6.16059368e-02 -7.49185800e-02]
 [-6.16059368e-02 -7.49185800e-02]
 [-6.16059368e-02 -7.49185800e-02]
 [-6.16059368e-02 -7.49185800e-02]
 [-6.16059368e-02 -7.49185800e-02]
 [-5.69428751e-02 -6.53282658e-02]
 [-5.69428751e-02 -6.53282658e-02]
 [-6.45609260e-02 -7.87329857e-02]
 [-6.45609260e-02 -7.87329857e-02]
 [-5.45071216e-02 -4.36656788e-02]
 [-5.45071216e-02 -4.36656788e-02]
 [-6.29515913e-02 -7.40070218e-02]
 [-6.29515913e-02 -7.40070218e-02]
 [-6.51332555e-02 -7.76427438e-02]
 [-6.51332555e-02 -7.76427438e-02]
 [-6.65071292e-02 -8.09279475e-02]
 [-6.65071292e-02 -8.09279475e-02]
 [-6.65071292e-02 -8.09279475e-02]
 [-6.65071292e-02 -8.09279475e-02]
 [-6.68425110e-02 -7.69381851e-02]
 [-6.68425110e-02 -7.69381851e-02]
 [-6.68425110e-02 -7.69381851e-02]
 [-6.68425110e-02 -7.69381851e-02]
 [-6.21388350e-02 -6.42801197e-02]
 [-6.21388350e-02 -6.42801197e-02]
 [-6.21388350e-02 -6.42801197e-02]
 [-6.21388350e-02 -6.42801197e-02]
 [-5.45220733e-02 -4.35467616e-02]
 [-5.45220733e-02 -4.35467616e-02]
 [-5.45220733e-02 -4.35467616e-02]
 [-5.45220733e-02 -4.35467616e-02]
 [-4.39922262e-02 -1.47381110e-02]
 [-4.39922262e-02 -1.47381110e-02]
 [-4.39922262e-02 -1.47381110e-02]
 [-4.39922262e-02 -1.47381110e-02]
 [-6.56002491e-02 -7.83256152e-02]
 [-6.56002491e-02 -7.83256152e-02]
 [-6.56002491e-02 -7.83256152e-02]
 [-6.56002491e-02 -7.83256152e-02]
 [-6.16186443e-02 -6.77906614e-02]
 [-6.16186443e-02 -6.77906614e-02]
 [-6.16186443e-02 -6.77906614e-02]
 [-6.16186443e-02 -6.77906614e-02]
 [-6.60358614e-02 -7.58246685e-02]
 [-6.60358614e-02 -7.58246685e-02]
 [-6.60358614e-02 -7.58246685e-02]
 [-6.82629828e-02 -8.17568928e-02]
 [-6.82629828e-02 -8.17568928e-02]
 [-6.82629828e-02 -8.17568928e-02]
 [-6.82629828e-02 -8.17568928e-02]
 [-6.48408766e-02 -7.75152821e-02]
 [-6.48408766e-02 -7.75152821e-02]
 [-6.48408766e-02 -7.75152821e-02]
 [-6.48408766e-02 -7.75152821e-02]
 [-6.53254958e-02 -8.14066794e-02]
 [-6.53254958e-02 -8.14066794e-02]
 [-6.53254958e-02 -8.14066794e-02]
 [-6.53254958e-02 -8.14066794e-02]
 [-6.53254958e-02 -8.14066794e-02]
 [-6.53254958e-02 -8.14066794e-02]
 [-6.53254958e-02 -8.14066794e-02]
 [-6.53254958e-02 -8.14066794e-02]
 [-5.77103395e-02 -5.82309519e-02]
 [-5.77103395e-02 -5.82309519e-02]
 [-5.77103395e-02 -5.82309519e-02]
 [-5.77103395e-02 -5.82309519e-02]
 [-5.09942764e-02 -3.51769796e-02]
 [-5.09942764e-02 -3.51769796e-02]
 [-5.09942764e-02 -3.51769796e-02]
 [-5.09942764e-02 -3.51769796e-02]
 [-4.41493683e-02 -1.64837721e-02]
 [-4.41493683e-02 -1.64837721e-02]
 [-4.41493683e-02 -1.64837721e-02]
 [-4.41493683e-02 -1.64837721e-02]
 [-6.27952535e-02 -8.28784050e-02]
 [-6.27952535e-02 -8.28784050e-02]
 [-5.69428751e-02 -6.53282658e-02]
 [-5.69428751e-02 -6.53282658e-02]
 [-6.42523709e-02 -8.12113740e-02]
 [-6.42523709e-02 -8.12113740e-02]
 [-5.54610738e-02 -5.92165316e-02]
 [-5.54610738e-02 -5.92165316e-02]
 [-6.53254958e-02 -8.14066794e-02]
 [-6.53254958e-02 -8.14066794e-02]
 [-5.81734753e-02 -6.28172530e-02]
 [-5.81734753e-02 -6.28172530e-02]
 [ 4.10832707e-02  2.23225000e-01]
 [ 1.49858279e-01  5.19155469e-01]
 [-6.33405251e-02 -6.91422782e-02]
 [-6.53634670e-02 -7.89346207e-02]
 [-6.53634670e-02 -7.89346207e-02]
 [-6.16059368e-02 -7.49185800e-02]
 [-6.16059368e-02 -7.49185800e-02]
 [-6.27882424e-02 -7.88098562e-02]
 [-6.27882424e-02 -7.88098562e-02]
 [-6.32407802e-02 -8.22445820e-02]
 [-6.32407802e-02 -8.22445820e-02]
 [-5.77103395e-02 -5.82309519e-02]
 [-5.77103395e-02 -5.82309519e-02]
 [-5.77103395e-02 -5.82309519e-02]
 [-5.77103395e-02 -5.82309519e-02]
 [-6.12535374e-02 -6.99778535e-02]
 [-6.12535374e-02 -6.99778535e-02]
 [-6.48408766e-02 -7.75152821e-02]
 [-6.51332555e-02 -7.76427438e-02]
 [-4.47515272e-02 -5.49893153e-02]
 [-4.47515272e-02 -5.49893153e-02]
 [-5.25922017e-02 -8.00480754e-02]
 [-5.25922017e-02 -8.00480754e-02]
 [-1.46973917e-02  5.58114506e-02]
 [-1.46973917e-02  5.58114506e-02]
 [-6.45609260e-02 -7.87329857e-02]
 [-6.45609260e-02 -7.87329857e-02]
 [-6.29515913e-02 -7.40070218e-02]
 [-6.29515913e-02 -7.40070218e-02]
 [-6.54455241e-02 -8.09216923e-02]
 [-6.54455241e-02 -8.09216923e-02]
 [-5.33344973e-02 -5.13994807e-02]
 [-5.33344973e-02 -5.13994807e-02]
 [-5.74057458e-02 -5.38597056e-02]
 [-5.74057458e-02 -5.38597056e-02]
 [-5.09942764e-02 -3.51769796e-02]
 [-5.45071216e-02 -4.36656788e-02]
 [-5.45071216e-02 -4.36656788e-02]
 [-5.82429873e-02 -6.02139487e-02]
 [-5.82429873e-02 -6.02139487e-02]
 [-5.29093760e-02 -4.03864608e-02]
 [-5.28479200e-02 -4.02886572e-02]
 [ 4.10832707e-02  2.23225000e-01]
 [ 1.49858279e-01  5.19155469e-01]
 [-6.33405251e-02 -6.91422782e-02]
 [-6.51332555e-02 -7.76427438e-02]
 [-4.62257739e-02 -4.42046843e-02]
 [-4.62257739e-02 -4.42046843e-02]
 [-6.14369482e-02 -7.59048846e-02]
 [-6.14369482e-02 -7.59048846e-02]
 [-2.59882696e-02 -1.62163981e-02]
 [-2.59882696e-02 -1.62163981e-02]
 [-6.14369482e-02 -7.59048846e-02]
 [-6.14369482e-02 -7.59048846e-02]
 [-2.59882696e-02 -1.62163981e-02]
 [-2.59882696e-02 -1.62163981e-02]
 [-6.14369482e-02 -7.59048846e-02]
 [-6.14369482e-02 -7.59048846e-02]
 [-2.59882696e-02 -1.62163981e-02]
 [-2.59882696e-02 -1.62163981e-02]
 [-6.14369482e-02 -7.59048846e-02]
 [-6.14369482e-02 -7.59048846e-02]
 [-2.59882696e-02 -1.62163981e-02]
 [-2.59882696e-02 -1.62163981e-02]
 [-6.14369482e-02 -7.59048846e-02]
 [-6.14369482e-02 -7.59048846e-02]
 [-2.59882696e-02 -1.62163981e-02]
 [-2.59882696e-02 -1.62163981e-02]
 [-2.59882696e-02 -1.62163981e-02]
 [-2.59882696e-02 -1.62163981e-02]]


Antes do PCA
['SlogP', 'SMR', 'LabuteASA', 'TPSA', 'AMW', 'NumLipinskiHBA', 'NumLipinskiHBD', 'NumRotatableBonds']        SlogP       SMR  ...  NumLipinskiHBD  NumRotatableBonds
0    0.009159  0.000349  ...            0.00           0.000076
1    0.000173  0.000734  ...            0.00           0.000008
2    0.145728  0.001290  ...            0.00           0.000211
3    0.049606  0.001682  ...            0.00           0.000008
4    0.105652  0.001640  ...            0.00           0.000076
5    0.000049  0.000817  ...            0.00           0.000034
6    0.009159  0.000349  ...            0.00           0.000076
7    0.000173  0.000734  ...            0.00           0.000008
8    0.145728  0.001290  ...            0.00           0.000211
9    0.049606  0.001682  ...            0.00           0.000008
10   0.105652  0.001640  ...            0.00           0.000076
11   0.000049  0.000817  ...            0.00           0.000034
12   0.019414  0.000915  ...            0.36           0.000034
13   0.086350  0.000357  ...            0.36           0.000076
14   0.416517  0.001914  ...            1.00           0.001023
15   0.109642  0.002604  ...            0.25           0.000000
16   0.243675  0.004379  ...            0.01           0.000034
17   0.197408  0.008083  ...            0.04           0.000304
18   0.198754  0.006023  ...            0.00           0.000304
19   1.000000  0.009418  ...            0.00           0.000414
20   0.071325  0.003637  ...            0.09           0.000000
21   0.176149  0.004483  ...            0.00           0.000008
22   0.019414  0.000915  ...            0.36           0.000034
23   0.002124  0.000432  ...            0.09           0.000000
24   0.001353  0.000647  ...            0.16           0.000211
25   0.026509  0.000673  ...            0.36           0.000211
26   0.041889  0.000590  ...            0.36           0.000000
27   0.006184  0.000566  ...            0.16           0.000000
28   0.018444  0.000687  ...            0.09           0.000008
29   0.025517  0.000689  ...            0.09           0.000000
..        ...       ...  ...             ...                ...
402  0.044048  0.001294  ...            0.09           0.000076
403  0.044161  0.001295  ...            0.09           0.000135
404  0.322725  0.000107  ...            0.00           0.000000
405  0.638067  0.000000  ...            0.00           0.000000
406  0.012236  0.000148  ...            0.00           0.000000
407  0.003626  0.000735  ...            0.00           0.000008
408  0.042732  0.002700  ...            0.09           0.000414
409  0.042732  0.002700  ...            0.09           0.000414
410  0.007745  0.001898  ...            0.09           0.000135
411  0.007745  0.001898  ...            0.09           0.000135
412  0.078097  0.007287  ...            0.25           0.001023
413  0.078097  0.007287  ...            0.25           0.001023
414  0.007745  0.001898  ...            0.09           0.000135
415  0.007745  0.001898  ...            0.09           0.000135
416  0.078097  0.007287  ...            0.25           0.001023
417  0.078097  0.007287  ...            0.25           0.001023
418  0.007745  0.001898  ...            0.09           0.000135
419  0.007745  0.001898  ...            0.09           0.000135
420  0.078097  0.007287  ...            0.25           0.001023
421  0.078097  0.007287  ...            0.25           0.001023
422  0.007745  0.001898  ...            0.09           0.000135
423  0.007745  0.001898  ...            0.09           0.000135
424  0.078097  0.007287  ...            0.25           0.001023
425  0.078097  0.007287  ...            0.25           0.001023
426  0.007745  0.001898  ...            0.09           0.000135
427  0.007745  0.001898  ...            0.09           0.000135
428  0.078097  0.007287  ...            0.25           0.001023
429  0.078097  0.007287  ...            0.25           0.001023
430  0.078097  0.007287  ...            0.25           0.001023
431  0.078097  0.007287  ...            0.25           0.001023

[432 rows x 8 columns]



