######################## Base HostGuest_dataset reduction for dim 1


Atributos da base: ['pH', 'Temp (C)']

Resultados PCA: [[-0.16186148  0.98681349]]

Variance PCA: [0.64576842]



Depois do PCA
[[-0.12741319]
 [-0.12741319]
 [-0.12741319]
 [-0.1329942 ]
 [-0.12741319]
 [-0.1329942 ]
 [-0.12741319]
 [-0.12741319]
 [-0.12741319]
 [-0.41687848]
 [-0.12741319]
 [-0.1329942 ]
 [-0.03815377]
 [-0.03815377]
 [-0.03815377]
 [-0.03815377]
 [-0.03815377]
 [-0.03815377]
 [-0.03815377]
 [-0.03815377]
 [-0.03815377]
 [-0.03815377]
 [-0.03815377]
 [-0.03815377]
 [-0.03815377]
 [-0.03815377]
 [-0.03815377]
 [-0.03815377]
 [-0.03815377]
 [-0.03815377]
 [-0.03815377]
 [-0.03815377]
 [-0.03815377]
 [-0.03815377]
 [-0.03815377]
 [-0.03815377]
 [-0.07472406]
 [-0.07472406]
 [-0.07472406]
 [-0.07472406]
 [-0.07472406]
 [-0.07472406]
 [-0.07472406]
 [-0.07472406]
 [-0.07472406]
 [-0.03815377]
 [-0.03815377]
 [-0.03815377]
 [-0.03815377]
 [-0.03815377]
 [-0.03815377]
 [-0.03815377]
 [ 0.01928433]
 [ 0.01928433]
 [ 0.01928433]
 [ 0.01928433]
 [-0.02746018]
 [-0.02746018]
 [-0.02746018]
 [-0.02746018]
 [-0.02746018]
 [-0.02746018]
 [-0.02746018]
 [-0.02746018]
 [-0.02746018]
 [-0.02746018]
 [-0.02746018]
 [ 0.02322061]
 [ 0.02322061]
 [ 0.02322061]
 [ 0.02322061]
 [ 0.02322061]
 [ 0.02322061]
 [ 0.02322061]
 [ 0.02322061]
 [-0.02746018]
 [-0.02746018]
 [-0.02746018]
 [-0.02746018]
 [-0.02746018]
 [-0.02746018]
 [-0.02746018]
 [-0.02746018]
 [-0.02746018]
 [-0.02746018]
 [-0.02746018]
 [-0.02746018]
 [-0.02746018]
 [-0.02746018]
 [-0.02746018]
 [-0.02746018]
 [-0.02746018]
 [-0.02746018]
 [-0.02746018]
 [-0.02746018]
 [-0.02746018]
 [-0.02746018]
 [-0.02746018]
 [-0.02746018]
 [-0.02746018]
 [-0.02746018]
 [-0.02746018]
 [-0.02746018]
 [-0.02746018]
 [-0.02746018]
 [-0.02746018]
 [-0.02746018]
 [-0.02746018]
 [-0.02746018]
 [-0.02746018]
 [-0.02746018]
 [-0.02746018]
 [-0.02746018]
 [-0.02746018]
 [-0.02746018]
 [-0.02746018]
 [-0.02746018]
 [-0.02746018]
 [-0.02746018]
 [-0.03093607]
 [-0.03093607]
 [-0.03093607]
 [-0.03093607]
 [-0.03093607]
 [-0.03093607]
 [-0.03093607]
 [-0.03093607]
 [-0.03093607]
 [-0.03093607]
 [-0.03093607]
 [-0.03093607]
 [-0.03093607]
 [-0.03093607]
 [-0.03093607]
 [-0.03093607]
 [-0.03093607]
 [-0.03093607]
 [-0.03093607]
 [-0.03093607]
 [-0.03093607]
 [-0.03093607]
 [-0.03093607]
 [-0.03093607]
 [-0.03093607]
 [-0.03093607]
 [-0.03093607]
 [-0.03093607]
 [-0.03093607]
 [-0.03093607]
 [-0.03093607]
 [-0.03093607]
 [-0.03093607]
 [-0.03093607]
 [-0.03093607]
 [-0.03093607]
 [-0.03093607]
 [-0.03093607]
 [-0.03093607]
 [-0.03093607]
 [-0.03093607]
 [-0.03093607]
 [-0.03093607]
 [-0.03093607]
 [-0.03093607]
 [-0.03093607]
 [-0.03093607]
 [-0.03093607]
 [-0.03093607]
 [-0.03093607]
 [-0.03093607]
 [-0.03093607]
 [ 0.26663583]
 [ 0.26663583]
 [ 0.26663583]
 [ 0.26663583]
 [ 0.26663583]
 [-0.03093607]
 [-0.03093607]
 [-0.03093607]
 [-0.03093607]
 [-0.03093607]
 [-0.03093607]
 [-0.03093607]
 [-0.03093607]
 [-0.03093607]
 [ 0.1094803 ]
 [ 0.1094803 ]
 [ 0.1094803 ]
 [ 0.1094803 ]
 [ 0.1094803 ]
 [ 0.1094803 ]
 [-0.02575895]
 [-0.02575895]
 [-0.02575895]
 [-0.02575895]
 [-0.02575895]
 [-0.02575895]
 [-0.02575895]
 [-0.02575895]
 [-0.02575895]
 [-0.02575895]
 [-0.02575895]
 [-0.02575895]
 [-0.02575895]
 [-0.02575895]
 [-0.02575895]
 [-0.02575895]
 [-0.02575895]
 [-0.02575895]
 [-0.02575895]
 [-0.02575895]
 [-0.02575895]
 [-0.02575895]
 [-0.02575895]
 [-0.02575895]
 [-0.02575895]
 [-0.02575895]
 [-0.02575895]
 [-0.02575895]
 [-0.02575895]
 [-0.02575895]
 [-0.02575895]
 [-0.02575895]
 [-0.02575895]
 [-0.02575895]
 [-0.02575895]
 [-0.02575895]
 [-0.02575895]
 [-0.02575895]
 [-0.02575895]
 [-0.02575895]
 [-0.02575895]
 [-0.02575895]
 [-0.02575895]
 [-0.02575895]
 [-0.02575895]
 [-0.02575895]
 [-0.02575895]
 [-0.02575895]
 [-0.02575895]
 [-0.02575895]
 [-0.02575895]
 [-0.02575895]
 [-0.02575895]
 [-0.02575895]
 [-0.02575895]
 [-0.02575895]
 [-0.02575895]
 [-0.02575895]
 [-0.02575895]
 [-0.02575895]
 [-0.02575895]
 [-0.02575895]
 [-0.02575895]
 [-0.02575895]
 [-0.02575895]
 [-0.02575895]
 [-0.02575895]
 [-0.02575895]
 [-0.02575895]
 [-0.02575895]
 [-0.02575895]
 [-0.02575895]
 [-0.02575895]
 [-0.02575895]
 [-0.02575895]
 [-0.02575895]
 [-0.02575895]
 [-0.02575895]
 [-0.02575895]
 [-0.02575895]
 [-0.02575895]
 [-0.02575895]
 [-0.02575895]
 [-0.02575895]
 [-0.02575895]
 [-0.02575895]
 [-0.02575895]
 [-0.02575895]
 [-0.02575895]
 [-0.02575895]
 [-0.02575895]
 [-0.02575895]
 [-0.02575895]
 [-0.02575895]
 [-0.02575895]
 [-0.02575895]
 [-0.02575895]
 [-0.02575895]
 [-0.02575895]
 [-0.02575895]
 [-0.02575895]
 [-0.02575895]
 [-0.02575895]
 [-0.02575895]
 [-0.22787297]
 [-0.02575895]
 [ 0.26663023]
 [ 0.65648248]
 [-0.22787297]
 [-0.02575895]
 [ 0.26663023]
 [ 0.65648248]
 [-0.22787297]
 [-0.02575895]
 [ 0.26663023]
 [ 0.65648248]
 [-0.22787297]
 [-0.02575895]
 [ 0.26663023]
 [ 0.65648248]
 [-0.22787297]
 [-0.02575895]
 [ 0.26663023]
 [ 0.65648248]
 [-0.22787297]
 [-0.02575895]
 [ 0.26663023]
 [ 0.65648248]
 [-0.02575895]
 [ 0.26663023]
 [ 0.65648248]
 [-0.22787297]
 [-0.02575895]
 [ 0.26663023]
 [ 0.65648248]
 [-0.22787297]
 [-0.02575895]
 [ 0.26663023]
 [ 0.65648248]
 [-0.22787297]
 [-0.02575895]
 [ 0.26663023]
 [ 0.65648248]
 [-0.22787297]
 [-0.02575895]
 [ 0.26663023]
 [ 0.65648248]
 [-0.22787297]
 [-0.02575895]
 [ 0.26663023]
 [ 0.65648248]
 [-0.22787297]
 [-0.02575895]
 [ 0.26663023]
 [ 0.65648248]
 [-0.22787297]
 [-0.02575895]
 [ 0.26663023]
 [ 0.65648248]
 [-0.02575895]
 [-0.02575895]
 [-0.02575895]
 [-0.02575895]
 [-0.02575895]
 [-0.02575895]
 [-0.02575895]
 [-0.02575895]
 [-0.02575895]
 [-0.02575895]
 [-0.02575895]
 [-0.02575895]
 [-0.02575895]
 [-0.02575895]
 [-0.02575895]
 [-0.02575895]
 [-0.02575895]
 [-0.02575895]
 [-0.02575895]
 [-0.02575895]
 [-0.02575895]
 [-0.02575895]
 [-0.02575895]
 [-0.02575895]
 [-0.02575895]
 [-0.02575895]
 [-0.02575895]
 [-0.02575895]
 [-0.02575895]
 [-0.02575895]
 [-0.02575895]
 [-0.02575895]
 [-0.02575895]
 [-0.02575895]
 [-0.02575895]
 [-0.01303033]
 [-0.01303033]
 [-0.02575895]
 [-0.02575895]
 [-0.02575895]
 [-0.02575895]
 [-0.02575895]
 [-0.02575895]
 [-0.02575895]
 [-0.02575895]
 [-0.02575895]
 [-0.02575895]
 [-0.02575895]
 [-0.02575895]
 [-0.02575895]
 [-0.02575895]
 [-0.02575895]
 [-0.02575895]
 [-0.02575895]
 [-0.02575895]
 [-0.02575895]
 [-0.02575895]
 [-0.02575895]
 [-0.02575895]
 [-0.02575895]
 [-0.02575895]
 [-0.02575895]
 [-0.02575895]
 [-0.02575895]
 [-0.02575895]
 [-0.02575895]
 [-0.02575895]
 [-0.02575895]
 [-0.02575895]
 [-0.02575895]
 [-0.02575895]
 [-0.02575895]
 [-0.02575895]
 [-0.02575895]
 [-0.02575895]
 [-0.02575895]
 [-0.02575895]
 [-0.02575895]
 [-0.02575895]
 [-0.02575895]
 [-0.02575895]
 [-0.02575895]]


Antes do PCA
['pH', 'Temp (C)']           pH  Temp (C)
0    0.965520  0.304949
1    0.965520  0.304949
2    0.965520  0.304949
3    1.000000  0.304949
4    0.965520  0.304949
5    1.000000  0.304949
6    0.965520  0.304949
7    0.965520  0.304949
8    0.965520  0.304949
9    0.965520  0.011616
10   0.965520  0.304949
11   1.000000  0.304949
12   0.414064  0.304949
13   0.414064  0.304949
14   0.414064  0.304949
15   0.414064  0.304949
16   0.414064  0.304949
17   0.414064  0.304949
18   0.414064  0.304949
19   0.414064  0.304949
20   0.414064  0.304949
21   0.414064  0.304949
22   0.414064  0.304949
23   0.414064  0.304949
24   0.414064  0.304949
25   0.414064  0.304949
26   0.414064  0.304949
27   0.414064  0.304949
28   0.414064  0.304949
29   0.414064  0.304949
..        ...       ...
402  0.360000  0.308642
403  0.360000  0.308642
404  0.360000  0.308642
405  0.360000  0.308642
406  0.360000  0.308642
407  0.360000  0.308642
408  0.360000  0.308642
409  0.360000  0.308642
410  0.360000  0.308642
411  0.360000  0.308642
412  0.360000  0.308642
413  0.360000  0.308642
414  0.360000  0.308642
415  0.360000  0.308642
416  0.360000  0.308642
417  0.360000  0.308642
418  0.360000  0.308642
419  0.360000  0.308642
420  0.360000  0.308642
421  0.360000  0.308642
422  0.360000  0.308642
423  0.360000  0.308642
424  0.360000  0.308642
425  0.360000  0.308642
426  0.360000  0.308642
427  0.360000  0.308642
428  0.360000  0.308642
429  0.360000  0.308642
430  0.360000  0.308642
431  0.360000  0.308642

[432 rows x 2 columns]



