######################## Base gamma_trat_env reduction for dim 1


Atributos da base: ['pH', 'Temp']

Resultados PCA: [[-0.58369662 -0.81197183]]

Variance PCA: [0.57141608]



Depois do PCA
[[-0.61975258]
 [-0.61975258]
 [-0.61975258]
 [-0.61975258]
 [-0.61975258]
 [-0.03605596]
 [-0.03605596]
 [-0.61975258]
 [-0.61975258]
 [-0.61975258]
 [-0.03605596]
 [-0.61975258]
 [-0.61975258]
 [-0.03605596]
 [-0.03605596]
 [-0.03605596]
 [-0.61975258]
 [-0.03605596]
 [-0.03605596]
 [-0.61975258]
 [-0.61975258]
 [-0.03605596]
 [-0.61975258]
 [-0.03605596]
 [ 0.77591587]
 [-0.61975258]
 [-0.03605596]
 [-0.03605596]
 [-0.03605596]
 [-0.03605596]
 [-0.03605596]
 [-0.03605596]
 [-0.03605596]
 [-0.03605596]
 [-0.03605596]
 [-0.03605596]
 [-0.03605596]
 [-0.03605596]
 [-0.03605596]
 [-0.03605596]
 [-0.03605596]
 [-0.03605596]
 [-0.03605596]
 [-0.03605596]
 [-0.03605596]
 [-0.03605596]
 [-0.03605596]
 [-0.03605596]
 [-0.03605596]
 [-0.03605596]
 [-0.03605596]
 [-0.03605596]
 [-0.03605596]
 [-0.61975258]
 [-0.03605596]
 [-0.03605596]
 [-0.03605596]
 [-0.03605596]
 [-0.03605596]
 [-0.03605596]
 [-0.03605596]
 [-0.03605596]
 [-0.03605596]
 [-0.03605596]
 [-0.03605596]
 [-0.61975258]
 [-0.03605596]
 [-0.03605596]
 [-0.03605596]
 [-0.03605596]
 [-0.03605596]
 [-0.03605596]
 [-0.03605596]
 [-0.03605596]
 [ 0.77591587]
 [-0.03605596]
 [-0.03605596]
 [-0.03605596]
 [-0.03605596]
 [-0.03605596]
 [-0.03605596]
 [-0.03605596]
 [-0.03605596]
 [ 0.77591587]
 [-0.03605596]
 [-0.03605596]
 [-0.03605596]
 [-0.03605596]
 [ 0.77591587]
 [-0.03605596]
 [-0.03605596]
 [-0.03605596]
 [ 0.77591587]
 [ 0.77591587]
 [-0.03605596]
 [-0.03605596]
 [-0.03605596]
 [-0.03605596]
 [-0.03605596]
 [-0.03605596]
 [-0.03605596]
 [-0.03605596]
 [ 0.77591587]
 [ 0.77591587]
 [ 0.77591587]
 [-0.03605596]
 [-0.03605596]
 [ 0.77591587]
 [-0.03605596]
 [-0.03605596]
 [-0.03605596]
 [ 0.77591587]
 [-0.03605596]
 [-0.03605596]
 [-0.03605596]
 [-0.03605596]
 [-0.03605596]
 [ 0.77591587]
 [-0.61975258]
 [-0.03605596]
 [ 0.77591587]
 [-0.03605596]
 [ 0.77591587]
 [ 0.77591587]
 [-0.03605596]
 [-0.03605596]
 [-0.03605596]
 [-0.03605596]
 [-0.03605596]
 [-0.03605596]
 [ 0.77591587]
 [ 0.77591587]
 [ 0.77591587]
 [-0.03605596]
 [-0.03605596]
 [-0.03605596]
 [-0.03605596]
 [-0.03605596]
 [-0.03605596]
 [-0.03605596]
 [-0.03605596]
 [-0.03605596]
 [-0.03605596]
 [-0.03605596]
 [ 0.77591587]
 [-0.03605596]
 [-0.03605596]
 [-0.03605596]
 [-0.03605596]
 [-0.03605596]
 [-0.03605596]
 [ 0.77591587]
 [-0.03605596]
 [-0.03605596]
 [-0.03605596]
 [-0.03605596]
 [-0.03605596]
 [-0.03605596]
 [-0.03605596]]


Antes do PCA
['pH', 'Temp'][[1. 1.]
 [1. 1.]
 [1. 1.]
 [1. 1.]
 [1. 1.]
 [0. 1.]
 [0. 1.]
 [1. 1.]
 [1. 1.]
 [1. 1.]
 [0. 1.]
 [1. 1.]
 [1. 1.]
 [0. 1.]
 [0. 1.]
 [0. 1.]
 [1. 1.]
 [0. 1.]
 [0. 1.]
 [1. 1.]
 [1. 1.]
 [0. 1.]
 [1. 1.]
 [0. 1.]
 [0. 0.]
 [1. 1.]
 [0. 1.]
 [0. 1.]
 [0. 1.]
 [0. 1.]
 [0. 1.]
 [0. 1.]
 [0. 1.]
 [0. 1.]
 [0. 1.]
 [0. 1.]
 [0. 1.]
 [0. 1.]
 [0. 1.]
 [0. 1.]
 [0. 1.]
 [0. 1.]
 [0. 1.]
 [0. 1.]
 [0. 1.]
 [0. 1.]
 [0. 1.]
 [0. 1.]
 [0. 1.]
 [0. 1.]
 [0. 1.]
 [0. 1.]
 [0. 1.]
 [1. 1.]
 [0. 1.]
 [0. 1.]
 [0. 1.]
 [0. 1.]
 [0. 1.]
 [0. 1.]
 [0. 1.]
 [0. 1.]
 [0. 1.]
 [0. 1.]
 [0. 1.]
 [1. 1.]
 [0. 1.]
 [0. 1.]
 [0. 1.]
 [0. 1.]
 [0. 1.]
 [0. 1.]
 [0. 1.]
 [0. 1.]
 [0. 0.]
 [0. 1.]
 [0. 1.]
 [0. 1.]
 [0. 1.]
 [0. 1.]
 [0. 1.]
 [0. 1.]
 [0. 1.]
 [0. 0.]
 [0. 1.]
 [0. 1.]
 [0. 1.]
 [0. 1.]
 [0. 0.]
 [0. 1.]
 [0. 1.]
 [0. 1.]
 [0. 0.]
 [0. 0.]
 [0. 1.]
 [0. 1.]
 [0. 1.]
 [0. 1.]
 [0. 1.]
 [0. 1.]
 [0. 1.]
 [0. 1.]
 [0. 0.]
 [0. 0.]
 [0. 0.]
 [0. 1.]
 [0. 1.]
 [0. 0.]
 [0. 1.]
 [0. 1.]
 [0. 1.]
 [0. 0.]
 [0. 1.]
 [0. 1.]
 [0. 1.]
 [0. 1.]
 [0. 1.]
 [0. 0.]
 [1. 1.]
 [0. 1.]
 [0. 0.]
 [0. 1.]
 [0. 0.]
 [0. 0.]
 [0. 1.]
 [0. 1.]
 [0. 1.]
 [0. 1.]
 [0. 1.]
 [0. 1.]
 [0. 0.]
 [0. 0.]
 [0. 0.]
 [0. 1.]
 [0. 1.]
 [0. 1.]
 [0. 1.]
 [0. 1.]
 [0. 1.]
 [0. 1.]
 [0. 1.]
 [0. 1.]
 [0. 1.]
 [0. 1.]
 [0. 0.]
 [0. 1.]
 [0. 1.]
 [0. 1.]
 [0. 1.]
 [0. 1.]
 [0. 1.]
 [0. 0.]
 [0. 1.]
 [0. 1.]
 [0. 1.]
 [0. 1.]
 [0. 1.]
 [0. 1.]
 [0. 1.]]



