######################## Base gamma_trat_env reduction for dim 2


Atributos da base: ['pH', 'Temp', 'SlogP', 'SMR', 'LabuteASA', 'TPSA', 'AMW', 'NumLipinskiHBA', 'NumLipinskiHBD', 'NumRotatableBonds', 'NumAtoms', 'Formal Charge', 'SlogP (#1)', 'SMR (#1)', 'LabuteASA (#1)', 'TPSA (#1)', 'AMW (#1)', 'NumLipinskiHBA (#1)', 'NumLipinskiHBD (#1)', 'NumRotatableBonds (#1)', 'NumAtoms (#1)']

Resultados PCA: [[ 0.3798855   0.35264617  0.0057462   0.25895052  0.32622627  0.33566181
   0.33782554  0.34771936 -0.10941765  0.21222322  0.21257268 -0.32850257
  -0.         -0.         -0.         -0.         -0.         -0.
  -0.         -0.         -0.        ]
 [-0.01210659 -0.60890992 -0.030137    0.1800347   0.18692637  0.17445833
   0.16948002  0.16409098  0.57874934  0.21901997  0.17485255  0.24746908
   0.          0.          0.          0.          0.          0.
   0.          0.          0.        ]]

Variance PCA: [0.36152367 0.31042266]



Depois do PCA
[[ 4.77479193e-01 -2.97555890e-01]
 [ 4.19110593e-01 -3.11863665e-01]
 [ 1.59768807e-01 -2.35262116e-01]
 [ 1.59768807e-01 -2.35262116e-01]
 [ 1.65414165e-01 -3.62285383e-01]
 [-1.42485727e-01 -5.20326959e-02]
 [-1.42485727e-01 -5.20326959e-02]
 [ 5.53922352e-01 -4.86873597e-02]
 [ 1.65414165e-01 -3.62285383e-01]
 [ 1.10021682e+00  3.66884644e-01]
 [-2.84987218e-01 -2.63052913e-01]
 [ 3.19188685e-01 -2.22793767e-01]
 [ 1.17784779e+00  5.38007477e-01]
 [ 3.43174780e-01 -1.36421865e-01]
 [ 3.43174780e-01 -1.36421865e-01]
 [-1.70598388e-02 -2.36987605e-01]
 [ 4.77479193e-01 -2.97555890e-01]
 [-1.70598388e-02 -2.36987605e-01]
 [-1.36840369e-01 -1.79055964e-01]
 [ 1.44757206e+00  8.36790111e-01]
 [ 5.55078906e-02 -2.98775195e-01]
 [-1.36840369e-01 -1.79055964e-01]
 [ 1.62506446e+00  9.41610723e-01]
 [-3.24608084e-01 -2.86288261e-01]
 [-5.85538538e-01  6.39875588e-01]
 [ 9.15133449e-01 -1.59465099e-01]
 [-6.24931331e-02 -3.58164662e-01]
 [-3.24377614e-01 -2.86668609e-01]
 [-3.24608084e-01 -2.86288261e-01]
 [-3.24608084e-01 -2.86288261e-01]
 [-3.24608084e-01 -2.86288261e-01]
 [ 1.51378376e-02 -1.87041828e-01]
 [ 1.22970861e-01 -2.32440541e-02]
 [ 2.44083567e-01 -1.89638355e-01]
 [ 1.51378376e-02 -1.87041828e-01]
 [ 1.22970861e-01 -2.32440541e-02]
 [-3.18962726e-01 -4.13311528e-01]
 [-3.58122653e-01 -4.37307572e-01]
 [ 2.44083567e-01 -1.89638355e-01]
 [-2.60723379e-01  1.56472761e-01]
 [ 2.73390399e-02 -2.88338731e-01]
 [ 8.34123027e-03 -3.08685513e-01]
 [-2.59934137e-01  1.74385159e-01]
 [ 8.34123027e-03 -3.08685513e-01]
 [ 1.83237098e-01 -9.75543806e-02]
 [ 8.34123027e-03 -3.08685513e-01]
 [ 1.83237098e-01 -9.75543806e-02]
 [ 4.72985494e-02 -1.62795492e-01]
 [-3.69893414e-01  6.67107511e-02]
 [-3.69893414e-01  6.67107511e-02]
 [-3.05551345e-02 -3.13952935e-01]
 [ 2.80205930e-01  9.35045325e-02]
 [ 2.80205930e-01  9.35045325e-02]
 [ 9.15133449e-01 -1.59465099e-01]
 [-1.67966037e-01 -3.16600403e-01]
 [-2.86137040e-01 -1.39161471e-01]
 [-1.67966037e-01 -3.16600403e-01]
 [ 8.02892631e-02 -1.32025697e-01]
 [-8.32875262e-02 -2.42987278e-01]
 [-8.32875262e-02 -2.42987278e-01]
 [-2.80061241e-01  1.36536682e-01]
 [ 1.45613315e-01 -2.52460498e-01]
 [ 1.45613315e-01 -2.52460498e-01]
 [-4.03158407e-01 -3.33900000e-01]
 [ 1.50004101e-01 -2.34237827e-01]
 [ 1.35278770e+00 -2.13743070e-02]
 [ 2.59431073e-01 -3.72704627e-02]
 [ 2.97684962e-01  1.16051062e-01]
 [ 2.98776629e-01 -1.36799405e-02]
 [ 2.98776629e-01 -1.36799405e-02]
 [-2.91793472e-01 -2.55571647e-01]
 [ 1.50004101e-01 -2.34237827e-01]
 [-2.91793472e-01 -2.55571647e-01]
 [ 1.97763192e-01  2.92686173e-01]
 [-3.33640291e-01  6.89347997e-01]
 [ 1.97763192e-01  2.92686173e-01]
 [ 2.97684962e-01  1.16051062e-01]
 [ 8.56782631e-02  9.76998527e-02]
 [-2.92670085e-01 -2.42076534e-01]
 [ 1.11901961e+00  1.13000032e+00]
 [ 8.56782631e-02  9.76998527e-02]
 [ 2.98776629e-01 -1.36799405e-02]
 [-1.08370867e-01 -3.96066136e-01]
 [-6.72052968e-01  7.21856076e-01]
 [ 1.02594347e+00  1.89468065e-01]
 [ 4.72985494e-02 -1.62795492e-01]
 [-3.81694493e-01 -5.74278129e-01]
 [ 1.11901961e+00  1.13000032e+00]
 [-5.53929340e-01  7.89839109e-01]
 [ 1.02594347e+00  1.89468065e-01]
 [ 8.34123027e-03 -3.08685513e-01]
 [ 8.34123027e-03 -3.08685513e-01]
 [-5.91999274e-01  7.64976877e-01]
 [-6.91158497e-01  7.02381940e-01]
 [ 4.62865938e-02 -1.60742500e-01]
 [-2.86137040e-01 -1.39161471e-01]
 [ 1.55320268e-01  2.95087516e-01]
 [-2.86137040e-01 -1.39161471e-01]
 [ 1.55320268e-01  2.95087516e-01]
 [ 4.62865938e-02 -1.60742500e-01]
 [-2.99447286e-01  2.38489398e-01]
 [ 2.19042035e-01 -5.30187786e-02]
 [-5.53929340e-01  7.89839109e-01]
 [-5.91999274e-01  7.64976877e-01]
 [-5.13356347e-01  9.34046718e-01]
 [-3.37955415e-01  1.10922478e-01]
 [-7.26015539e-02 -1.31867133e-01]
 [-5.53929340e-01  7.89839109e-01]
 [ 9.91308060e-02  2.54571408e-01]
 [ 4.87093174e-02 -2.88744532e-01]
 [ 9.91308060e-02  2.54571408e-01]
 [-5.53929340e-01  7.89839109e-01]
 [-7.26015539e-02 -1.31867133e-01]
 [-3.77300970e-01  8.73319553e-02]
 [-1.96428989e-01 -7.08383768e-02]
 [-1.96428989e-01 -7.08383768e-02]
 [ 2.19042035e-01 -5.30187786e-02]
 [-5.74400981e-01  1.01661379e+00]
 [ 5.53987542e-01 -1.50673172e-04]
 [-8.92385513e-02 -3.57479537e-01]
 [-5.14631969e-01  9.35318427e-01]
 [-5.04499064e-02 -3.51339470e-01]
 [-4.53262162e-01  8.51624280e-01]
 [-5.74400981e-01  1.01661379e+00]
 [ 4.87093174e-02 -2.88744532e-01]
 [-5.03421865e-02 -3.52212115e-01]
 [-5.03421865e-02 -3.52212115e-01]
 [-3.51353502e-01 -2.85603136e-01]
 [ 9.46787694e-01  1.41363135e-01]
 [-3.51353502e-01 -2.85603136e-01]
 [-5.73450532e-01  1.01646916e+00]
 [-6.54228036e-01  9.75734691e-01]
 [-6.70967373e-01  5.97034111e-01]
 [-3.28431938e-01 -2.93293403e-01]
 [ 2.77596205e-01 -2.74363650e-01]
 [-3.30953400e-01 -2.79567691e-01]
 [ 9.46787694e-01  1.41363135e-01]
 [-4.10036919e-01 -3.29129738e-01]
 [ 2.77596205e-01 -2.74363650e-01]
 [-9.00277937e-02 -3.75391935e-01]
 [ 3.54716273e-01  1.49703028e-01]
 [-3.90699057e-01 -3.09193658e-01]
 [-1.47948754e-01 -4.20118601e-01]
 [-1.41244679e-01 -4.32566754e-01]
 [-4.53262162e-01  8.51624280e-01]
 [-4.42548804e-01 -3.57515696e-01]
 [-4.10036919e-01 -3.29129738e-01]
 [-4.10036919e-01 -3.29129738e-01]
 [ 3.54716273e-01  1.49703028e-01]
 [-5.04499064e-02 -3.51339470e-01]
 [ 4.77873557e-02 -2.89897219e-01]
 [-5.13356347e-01  9.34046718e-01]
 [-1.23353167e-02 -2.06177459e-01]
 [ 4.77873557e-02 -2.89897219e-01]
 [-1.23353167e-02 -2.06177459e-01]
 [-1.47921968e-01 -4.01006139e-01]
 [-3.94291207e-01 -5.74952390e-01]
 [-4.49382474e-01 -3.52720260e-01]
 [-4.68720335e-01 -3.72656340e-01]]


Antes do PCA
['pH', 'Temp', 'SlogP', 'SMR', 'LabuteASA', 'TPSA', 'AMW', 'NumLipinskiHBA', 'NumLipinskiHBD', 'NumRotatableBonds', 'NumAtoms', 'Formal Charge', 'SlogP (#1)', 'SMR (#1)', 'LabuteASA (#1)', 'TPSA (#1)', 'AMW (#1)', 'NumLipinskiHBA (#1)', 'NumLipinskiHBD (#1)', 'NumRotatableBonds (#1)', 'NumAtoms (#1)'][[1.         1.         0.71440033 ... 0.         0.         0.        ]
 [1.         1.         0.64716873 ... 0.         0.         0.        ]
 [1.         1.         0.76381562 ... 0.         0.         0.        ]
 ...
 [0.         1.         0.59511562 ... 0.         0.         0.        ]
 [0.         1.         0.56545107 ... 0.         0.         0.        ]
 [0.         1.         0.56527521 ... 0.         0.         0.        ]]



