######################## Base gamma_trat_env reduction for dim 3


Atributos da base: ['SlogP', 'SMR', 'LabuteASA', 'TPSA', 'AMW', 'NumLipinskiHBA', 'NumLipinskiHBD', 'NumRotatableBonds', 'NumAtoms', 'Formal Charge']

Resultados PCA: [[-0.04381028  0.31463405  0.38591224  0.41499998  0.38942876  0.42549806
   0.1749296   0.32355525  0.26608459 -0.19783856]
 [ 0.03451022  0.03900401 -0.01281147 -0.07234132 -0.04672488 -0.09506696
   0.80467929  0.09187034  0.08912415  0.56282978]
 [ 0.57392686  0.2866195   0.23159901 -0.38603113  0.18734846 -0.29313893
  -0.28890085  0.18407213  0.32926842  0.19749748]]

Variance PCA: [0.52890701 0.30612873 0.08959003]



Depois do PCA
[[-1.61091376e-02 -3.26458351e-01  8.71385380e-02]
 [-7.74374807e-02 -2.98903871e-01  1.34347991e-01]
 [-2.96872427e-01  1.68285850e-02  2.14232546e-01]
 [-2.96872427e-01  1.68285850e-02  2.14232546e-01]
 [-3.52959176e-01 -1.44380885e-01  2.79769081e-01]
 [-1.34987306e-01  1.55447634e-01  3.66454036e-02]
 [-1.34987306e-01  1.55447634e-01  3.66454036e-02]
 [ 1.57205233e-01 -3.40336759e-02  8.26790371e-01]
 [-3.52959176e-01 -1.44380885e-01  2.79769081e-01]
 [ 8.66347062e-01  5.16639946e-02  5.31955373e-01]
 [-3.73673923e-01  1.31506365e-02  1.49938064e-01]
 [-1.40395387e-01 -8.54767934e-02  5.13950054e-01]
 [ 1.02823218e+00  1.90283044e-01  3.54368231e-01]
 [ 2.86685979e-01 -3.35190427e-01  1.37290888e-01]
 [ 2.86685979e-01 -3.35190427e-01  1.37290888e-01]
 [-1.05651218e-01 -1.69389745e-01  1.94844690e-01]
 [-1.61091376e-02 -3.26458351e-01  8.71385380e-02]
 [-1.05651218e-01 -1.69389745e-01  1.94844690e-01]
 [-1.91074056e-01 -5.76183642e-03  1.02181939e-01]
 [ 1.43305147e+00  3.38016569e-01  2.60614915e-01]
 [-4.18659964e-01  8.64170624e-03  8.84618155e-02]
 [-1.91074056e-01 -5.76183642e-03  1.02181939e-01]
 [ 1.64864544e+00  3.34242139e-01  3.34553858e-01]
 [-4.18135550e-01  8.07412892e-03  7.92176279e-02]
 [-1.84617773e-01  3.35039483e-01  2.37283833e-01]
 [ 4.76155765e-01 -5.19277987e-01 -1.41293018e-01]
 [-1.95467479e-01 -2.99536104e-01  2.75276901e-02]
 [-4.18659964e-01  8.64170624e-03  8.84618155e-02]
 [-4.18135550e-01  8.07412892e-03  7.92176279e-02]
 [-4.18135550e-01  8.07412892e-03  7.92176279e-02]
 [-4.18135550e-01  8.07412892e-03  7.92176279e-02]
 [-3.35823579e-02 -1.60917055e-01 -1.50059452e-01]
 [ 1.38354237e-01 -2.94779808e-02  1.96349316e-02]
 [ 1.72787833e-01 -3.30007279e-01  4.62208657e-02]
 [-3.35823579e-02 -1.60917055e-01 -1.50059452e-01]
 [ 1.38354237e-01 -2.94779808e-02  1.96349316e-02]
 [-4.74222299e-01 -1.53135341e-01  1.44754163e-01]
 [-5.19732755e-01 -1.57076694e-01  9.25221024e-02]
 [ 1.72787833e-01 -3.30007279e-01  4.62208657e-02]
 [-1.43263693e-01  5.04791551e-01  1.32033885e-01]
 [-7.62777511e-02 -2.83159181e-01  1.04610333e-01]
 [-1.06287228e-01 -2.90834598e-01  9.88641577e-02]
 [-1.30577551e-01  5.26026782e-01  1.62056205e-01]
 [-1.06287228e-01 -2.90834598e-01  9.88641577e-02]
 [ 1.70434128e-01 -1.86208161e-01 -1.97908177e-01]
 [-1.06287228e-01 -2.90834598e-01  9.88641577e-02]
 [ 1.70434128e-01 -1.86208161e-01 -1.97908177e-01]
 [ 8.33473173e-03 -1.54531292e-01 -1.04229295e-01]
 [-2.91913086e-01  4.80050108e-01  3.80679701e-02]
 [-2.91913086e-01  4.80050108e-01  3.80679701e-02]
 [-1.37991764e-01 -2.74784730e-01  5.64225734e-02]
 [ 3.61778914e-01 -3.92245921e-02 -3.58612046e-01]
 [ 3.61778914e-01 -3.92245921e-02 -3.58612046e-01]
 [ 4.76155765e-01 -5.19277987e-01 -1.41293018e-01]
 [-2.78804006e-01 -1.62374942e-01  1.21310721e-01]
 [-3.01760885e-01  1.42751825e-01 -1.50601575e-01]
 [-2.78804006e-01 -1.62374942e-01  1.21310721e-01]
 [ 4.26548340e-02 -1.19175260e-01  3.33939916e-01]
 [-1.65797115e-01 -1.30024106e-01  2.56750401e-01]
 [-1.65797115e-01 -1.30024106e-01  2.56750401e-01]
 [-1.72723358e-01  4.96427032e-01  1.15150613e-01]
 [ 5.44985150e-02 -3.41070084e-01 -7.47268553e-02]
 [ 5.44985150e-02 -3.41070084e-01 -7.47268553e-02]
 [-5.08632047e-01 -3.76154354e-04 -3.44906818e-02]
 [ 6.29106443e-02 -3.11260575e-01  1.01899202e-01]
 [ 9.68420668e-01 -7.12097624e-01 -3.69724575e-01]
 [ 2.73216613e-01 -1.72767229e-01 -1.39320987e-01]
 [ 3.83694352e-01 -1.51622856e-02 -2.14865884e-01]
 [ 3.18157102e-01 -1.68270969e-01 -7.79941802e-02]
 [ 3.18157102e-01 -1.68270969e-01 -7.79941802e-02]
 [-3.65532367e-01  9.73041034e-03  5.05509021e-02]
 [ 6.29106443e-02 -3.11260575e-01  1.01899202e-01]
 [-3.65532367e-01  9.73041034e-03  5.05509021e-02]
 [ 3.66674100e-01  2.94594986e-01 -1.22169429e-01]
 [ 9.40878524e-02  1.77255108e-01  3.44367875e-02]
 [ 3.66674100e-01  2.94594986e-01 -1.22169429e-01]
 [ 3.83694352e-01 -1.51622856e-02 -2.14865884e-01]
 [ 1.62735542e-01  1.46694779e-01 -1.37453874e-02]
 [-3.60659835e-01  3.28255033e-02  1.08112511e-01]
 [ 1.63675683e+00  6.19039509e-01  7.60936682e-02]
 [ 1.62735542e-01  1.46694779e-01 -1.37453874e-02]
 [ 3.18157102e-01 -1.68270969e-01 -7.79941802e-02]
 [-2.55456638e-01 -3.15686088e-01 -4.38173947e-02]
 [-2.17663848e-01  4.91930772e-01  5.38238061e-02]
 [ 1.10405988e+00 -4.89665003e-01  3.86915444e-02]
 [ 8.33473173e-03 -1.54531292e-01 -1.04229295e-01]
 [-6.12767662e-01 -2.94245938e-01  1.60550334e-01]
 [ 1.63675683e+00  6.19039509e-01  7.60936682e-02]
 [-7.19455007e-02  4.79117134e-01  2.60106247e-02]
 [ 1.10405988e+00 -4.89665003e-01  3.86915444e-02]
 [-1.06287228e-01 -2.90834598e-01  9.88641577e-02]
 [-1.06287228e-01 -2.90834598e-01  9.88641577e-02]
 [-1.18502918e-01  4.76849542e-01  1.21965287e-03]
 [-2.46394173e-01  4.83305121e-01  3.22022253e-02]
 [ 1.12072148e-02 -1.57400911e-01 -1.51186888e-01]
 [-3.01760885e-01  1.42751825e-01 -1.50601575e-01]
 [ 3.30373128e-01  3.28734936e-01 -6.49402754e-02]
 [-3.01760885e-01  1.42751825e-01 -1.50601575e-01]
 [ 3.30373128e-01  3.28734936e-01 -6.49402754e-02]
 [ 1.12072148e-02 -1.57400911e-01 -1.51186888e-01]
 [-1.33051365e-01  6.20558662e-01 -1.55015822e-01]
 [ 2.24681714e-01 -1.56650954e-01 -8.42363354e-02]
 [-7.19455007e-02  4.79117134e-01  2.60106247e-02]
 [-1.18502918e-01  4.76849542e-01  1.21965287e-03]
 [ 4.05097198e-02  6.18338210e-01 -1.29409896e-01]
 [-2.34437371e-01  5.04801483e-01  6.69628534e-02]
 [-9.81015737e-02 -1.15989837e-02  2.06585425e-02]
 [-7.19455007e-02  4.79117134e-01  2.60106247e-02]
 [ 2.64718413e-01  3.07534775e-01 -2.31706239e-01]
 [-5.15169758e-02 -3.11101191e-01 -2.62038996e-02]
 [ 2.64718413e-01  3.07534775e-01 -2.31706239e-01]
 [-7.19455007e-02  4.79117134e-01  2.60106247e-02]
 [-9.81015737e-02 -1.15989837e-02  2.06585425e-02]
 [-2.79377861e-01  5.00305223e-01  5.63604674e-03]
 [-1.84829934e-01  1.60506369e-01 -5.01012766e-02]
 [-1.84829934e-01  1.60506369e-01 -5.01012766e-02]
 [ 2.24681714e-01 -1.56650954e-01 -8.42363354e-02]
 [ 2.60050126e-02  7.61110238e-01 -3.00090563e-01]
 [ 2.02932791e-01 -2.48824989e-02 -1.11412475e-01]
 [-2.12391918e-01 -2.87645509e-01 -2.17875057e-02]
 [ 4.21266474e-02  6.16109544e-01 -1.65945731e-01]
 [-1.79408231e-01 -3.04645611e-01  4.77867277e-03]
 [ 5.50581672e-02  4.74629090e-01  2.68255787e-02]
 [ 2.60050126e-02  7.61110238e-01 -3.00090563e-01]
 [-5.15169758e-02 -3.11101191e-01 -2.62038996e-02]
 [-1.80687383e-01 -3.03695378e-01  2.06540786e-02]
 [-1.80687383e-01 -3.03695378e-01  2.06540786e-02]
 [-4.35059990e-01  1.99647240e-02  2.99024321e-02]
 [ 1.01272022e+00 -4.98135261e-01 -7.44854521e-02]
 [-4.35059990e-01  1.99647240e-02  2.99024321e-02]
 [ 2.59612724e-02  7.62047330e-01 -2.85645371e-01]
 [-7.30220746e-02  7.80645844e-01 -2.22937286e-01]
 [-2.75942368e-01  3.34069299e-01  1.09758559e-01]
 [-4.14498192e-01 -1.69832364e-02 -1.07077015e-01]
 [ 1.76292356e-01 -4.81857211e-01 -1.92229177e-01]
 [-4.11042822e-01  5.78905736e-03 -1.68115891e-03]
 [ 1.01272022e+00 -4.98135261e-01 -7.44854521e-02]
 [-5.09460145e-01  7.10394460e-03 -4.83076470e-02]
 [ 1.76292356e-01 -4.81857211e-01 -1.92229177e-01]
 [-2.25078061e-01 -3.08880740e-01 -5.18098255e-02]
 [ 4.47095125e-01 -6.89442021e-03 -9.71882809e-02]
 [-4.80000479e-01  1.54684644e-02 -3.14243746e-02]
 [-3.01126468e-01 -3.19921217e-01 -1.00405893e-01]
 [-2.67992234e-01 -4.03487389e-01 -7.40252361e-01]
 [ 5.50581672e-02  4.74629090e-01  2.68255787e-02]
 [-5.53618088e-01 -4.88508465e-03 -9.59669305e-02]
 [-5.09460145e-01  7.10394460e-03 -4.83076470e-02]
 [-5.09460145e-01  7.10394460e-03 -4.83076470e-02]
 [ 4.47095125e-01 -6.89442021e-03 -9.71882809e-02]
 [-1.79408231e-01 -3.04645611e-01  4.77867277e-03]
 [-5.33986492e-02 -3.10735670e-01 -1.87156140e-02]
 [ 4.05097198e-02  6.18338210e-01 -1.29409896e-01]
 [-6.60216830e-02 -1.68329164e-01 -1.96884566e-01]
 [-5.33986492e-02 -3.10735670e-01 -1.87156140e-02]
 [-6.60216830e-02 -1.68329164e-01 -1.96884566e-01]
 [-2.86792073e-01 -3.00506289e-01 -9.99975849e-02]
 [-6.07448157e-01 -3.17839822e-01 -1.51633850e-01]
 [-5.54400634e-01  2.60768504e-03 -1.09634454e-01]
 [-5.83860300e-01 -5.75683477e-03 -1.26517726e-01]]


Antes do PCA
['SlogP', 'SMR', 'LabuteASA', 'TPSA', 'AMW', 'NumLipinskiHBA', 'NumLipinskiHBD', 'NumRotatableBonds', 'NumAtoms', 'Formal Charge'][[0.71440033 0.39939281 0.31197486 ... 0.09090909 0.23684211 0.5       ]
 [0.64716873 0.40514621 0.3122817  ... 0.18181818 0.26315789 0.5       ]
 [0.76381562 0.34803382 0.24234689 ... 0.         0.34210526 0.75      ]
 ...
 [0.59511562 0.12276948 0.         ... 0.         0.         0.5       ]
 [0.56545107 0.13369309 0.01334914 ... 0.09090909 0.11842105 0.75      ]
 [0.56527521 0.13352383 0.01334914 ... 0.         0.11842105 0.75      ]]



