######################## Base gamma_trat_env reduction for dim 1


Atributos da base: ['SlogP', 'SMR', 'LabuteASA', 'TPSA', 'AMW', 'NumLipinskiHBA', 'NumLipinskiHBD', 'NumRotatableBonds', 'NumAtoms', 'Formal Charge']

Resultados PCA: [[-0.04381028  0.31463405  0.38591224  0.41499998  0.38942876  0.42549806
   0.1749296   0.32355525  0.26608459 -0.19783856]]

Variance PCA: [0.52890701]



Depois do PCA
[[-0.01610914]
 [-0.07743748]
 [-0.29687243]
 [-0.29687243]
 [-0.35295918]
 [-0.13498731]
 [-0.13498731]
 [ 0.15720523]
 [-0.35295918]
 [ 0.86634706]
 [-0.37367392]
 [-0.14039539]
 [ 1.02823218]
 [ 0.28668598]
 [ 0.28668598]
 [-0.10565122]
 [-0.01610914]
 [-0.10565122]
 [-0.19107406]
 [ 1.43305147]
 [-0.41865996]
 [-0.19107406]
 [ 1.64864544]
 [-0.41813555]
 [-0.18461777]
 [ 0.47615577]
 [-0.19546748]
 [-0.41865996]
 [-0.41813555]
 [-0.41813555]
 [-0.41813555]
 [-0.03358236]
 [ 0.13835424]
 [ 0.17278783]
 [-0.03358236]
 [ 0.13835424]
 [-0.4742223 ]
 [-0.51973275]
 [ 0.17278783]
 [-0.14326369]
 [-0.07627775]
 [-0.10628723]
 [-0.13057755]
 [-0.10628723]
 [ 0.17043413]
 [-0.10628723]
 [ 0.17043413]
 [ 0.00833473]
 [-0.29191309]
 [-0.29191309]
 [-0.13799176]
 [ 0.36177891]
 [ 0.36177891]
 [ 0.47615577]
 [-0.27880401]
 [-0.30176088]
 [-0.27880401]
 [ 0.04265483]
 [-0.16579712]
 [-0.16579712]
 [-0.17272336]
 [ 0.05449852]
 [ 0.05449852]
 [-0.50863205]
 [ 0.06291064]
 [ 0.96842067]
 [ 0.27321661]
 [ 0.38369435]
 [ 0.3181571 ]
 [ 0.3181571 ]
 [-0.36553237]
 [ 0.06291064]
 [-0.36553237]
 [ 0.3666741 ]
 [ 0.09408785]
 [ 0.3666741 ]
 [ 0.38369435]
 [ 0.16273554]
 [-0.36065984]
 [ 1.63675683]
 [ 0.16273554]
 [ 0.3181571 ]
 [-0.25545664]
 [-0.21766385]
 [ 1.10405988]
 [ 0.00833473]
 [-0.61276766]
 [ 1.63675683]
 [-0.0719455 ]
 [ 1.10405988]
 [-0.10628723]
 [-0.10628723]
 [-0.11850292]
 [-0.24639417]
 [ 0.01120721]
 [-0.30176088]
 [ 0.33037313]
 [-0.30176088]
 [ 0.33037313]
 [ 0.01120721]
 [-0.13305137]
 [ 0.22468171]
 [-0.0719455 ]
 [-0.11850292]
 [ 0.04050972]
 [-0.23443737]
 [-0.09810157]
 [-0.0719455 ]
 [ 0.26471841]
 [-0.05151698]
 [ 0.26471841]
 [-0.0719455 ]
 [-0.09810157]
 [-0.27937786]
 [-0.18482993]
 [-0.18482993]
 [ 0.22468171]
 [ 0.02600501]
 [ 0.20293279]
 [-0.21239192]
 [ 0.04212665]
 [-0.17940823]
 [ 0.05505817]
 [ 0.02600501]
 [-0.05151698]
 [-0.18068738]
 [-0.18068738]
 [-0.43505999]
 [ 1.01272022]
 [-0.43505999]
 [ 0.02596127]
 [-0.07302207]
 [-0.27594237]
 [-0.41449819]
 [ 0.17629236]
 [-0.41104282]
 [ 1.01272022]
 [-0.50946014]
 [ 0.17629236]
 [-0.22507806]
 [ 0.44709513]
 [-0.48000048]
 [-0.30112647]
 [-0.26799223]
 [ 0.05505817]
 [-0.55361809]
 [-0.50946014]
 [-0.50946014]
 [ 0.44709513]
 [-0.17940823]
 [-0.05339865]
 [ 0.04050972]
 [-0.06602168]
 [-0.05339865]
 [-0.06602168]
 [-0.28679207]
 [-0.60744816]
 [-0.55440063]
 [-0.5838603 ]]


Antes do PCA
['SlogP', 'SMR', 'LabuteASA', 'TPSA', 'AMW', 'NumLipinskiHBA', 'NumLipinskiHBD', 'NumRotatableBonds', 'NumAtoms', 'Formal Charge'][[0.71440033 0.39939281 0.31197486 ... 0.09090909 0.23684211 0.5       ]
 [0.64716873 0.40514621 0.3122817  ... 0.18181818 0.26315789 0.5       ]
 [0.76381562 0.34803382 0.24234689 ... 0.         0.34210526 0.75      ]
 ...
 [0.59511562 0.12276948 0.         ... 0.         0.         0.5       ]
 [0.56545107 0.13369309 0.01334914 ... 0.09090909 0.11842105 0.75      ]
 [0.56527521 0.13352383 0.01334914 ... 0.         0.11842105 0.75      ]]



