######################## Base HostGuest_dataset reduction for dim 1


Atributos da base: ['pH', 'Temp (C)', 'SlogP', 'SMR', 'LabuteASA', 'TPSA', 'AMW', 'NumLipinskiHBA', 'NumLipinskiHBD', 'NumRotatableBonds', 'HOST_SlogP', 'HOST_SMR', 'HOST_LabuteASA', 'HOST_TPSA', 'HOST_AMW', 'HOST_NumLipinskiHBA', 'HOST_NumLipinskiHBD', 'HOST_NumRotatableBonds']
Resultados PCA: [[ 0.18197549 -0.06556155  0.02724708 -0.04982833 -0.04989457 -0.04910066
  -0.04986144 -0.04980693 -0.01732043 -0.05081007  0.44000014  0.43908626
   0.43768162  0.24585042  0.39319925  0.12981355  0.21433535  0.30134878]]

Variance PCA: [0.31086551]



Depois do PCA
[[ 9.29383604e-01]
 [ 9.29088203e-01]
 [ 9.33204260e-01]
 [ 9.36649315e-01]
 [ 9.32076142e-01]
 [ 9.35168185e-01]
 [ 1.05297027e+00]
 [ 1.05267487e+00]
 [ 1.05679093e+00]
 [ 1.07319283e+00]
 [ 1.05566281e+00]
 [ 1.05875485e+00]
 [-3.34166778e-02]
 [-3.15237064e-02]
 [-3.40985141e-02]
 [-2.93030201e-02]
 [-2.15352223e-02]
 [-2.43286026e-02]
 [-2.42913633e-02]
 [-1.31096475e-03]
 [-2.76863823e-02]
 [-2.32298840e-02]
 [-3.27254357e-01]
 [-3.22878450e-01]
 [-3.24226363e-01]
 [-3.27037246e-01]
 [-3.26601362e-01]
 [-3.24078032e-01]
 [-3.22467823e-01]
 [-3.22274757e-01]
 [-3.21610834e-01]
 [-3.21595622e-01]
 [-3.22830171e-01]
 [-3.21438987e-01]
 [-3.21930082e-01]
 [-3.24260478e-01]
 [ 8.71301139e-01]
 [ 8.72006806e-01]
 [ 8.72689537e-01]
 [ 8.72979760e-01]
 [ 8.72979760e-01]
 [ 8.71916275e-01]
 [ 8.72562857e-01]
 [ 8.71064732e-01]
 [ 8.72998933e-01]
 [-2.04296788e-01]
 [-2.13991857e-01]
 [-2.07494068e-01]
 [-2.14550852e-01]
 [-2.10647495e-01]
 [-1.99029968e-01]
 [-2.07179518e-01]
 [-3.31919000e-01]
 [-3.29421945e-01]
 [-1.60025425e-01]
 [-1.57528371e-01]
 [-1.52921772e-01]
 [-1.54606053e-01]
 [-1.54606053e-01]
 [-1.56326900e-01]
 [-1.54869468e-01]
 [-1.54237788e-01]
 [-1.59929010e-01]
 [-1.56968317e-01]
 [-4.30809199e-01]
 [-4.28675019e-01]
 [-4.32372096e-01]
 [-4.34176311e-01]
 [-4.32042131e-01]
 [-4.35739207e-01]
 [-1.63173130e-01]
 [-1.63173130e-01]
 [-1.63173130e-01]
 [-1.61212578e-01]
 [-3.33106152e-01]
 [-1.54606053e-01]
 [-1.54606053e-01]
 [-1.57964700e-01]
 [-1.58892132e-01]
 [-1.54606053e-01]
 [-1.54606053e-01]
 [-1.54606053e-01]
 [-1.57482402e-01]
 [-1.54606053e-01]
 [-1.56968317e-01]
 [-1.57482402e-01]
 [-1.56688911e-01]
 [-1.52970375e-01]
 [-1.57482402e-01]
 [-1.57221312e-01]
 [-1.56688911e-01]
 [-1.56373108e-01]
 [-1.52921772e-01]
 [-1.52970375e-01]
 [-1.56373108e-01]
 [-1.56688911e-01]
 [-1.52921772e-01]
 [-1.54633528e-01]
 [-1.54314738e-01]
 [-1.54633528e-01]
 [-1.56326900e-01]
 [-1.54869468e-01]
 [-1.56373108e-01]
 [-1.64198389e-01]
 [-1.54237788e-01]
 [-1.54633528e-01]
 [-1.55482599e-01]
 [ 1.46307571e+00]
 [ 1.46463493e+00]
 [ 1.46642441e+00]
 [ 1.46844414e+00]
 [ 1.24034974e+00]
 [ 1.24144845e+00]
 [ 1.24277741e+00]
 [ 1.24433664e+00]
 [ 1.24612611e+00]
 [ 1.24814585e+00]
 [ 1.24445405e+00]
 [ 1.24617167e+00]
 [-6.96161564e-02]
 [-6.89642194e-02]
 [-6.80811677e-02]
 [-6.69670012e-02]
 [-6.57593505e-02]
 [-6.57593505e-02]
 [-6.66772009e-02]
 [-6.66772009e-02]
 [-3.61552252e-02]
 [-3.55032882e-02]
 [-3.46202365e-02]
 [-3.35060701e-02]
 [-3.22984193e-02]
 [-3.22984193e-02]
 [-3.32162698e-02]
 [-3.32162698e-02]
 [ 1.04802679e-02]
 [ 1.11322049e-02]
 [ 1.20152566e-02]
 [ 1.31294230e-02]
 [ 1.43370738e-02]
 [ 1.43370738e-02]
 [ 1.34192234e-02]
 [ 1.34192234e-02]
 [ 3.16227341e-02]
 [ 3.22746711e-02]
 [ 3.31577228e-02]
 [ 3.42718892e-02]
 [ 3.54795400e-02]
 [ 3.54795400e-02]
 [ 3.45616896e-02]
 [ 3.45616896e-02]
 [-1.37581982e-02]
 [-1.31062612e-02]
 [-1.22232095e-02]
 [-1.11090431e-02]
 [-9.90139233e-03]
 [-9.90139233e-03]
 [-1.08192427e-02]
 [-1.08192427e-02]
 [-2.81953689e-02]
 [-2.75434319e-02]
 [-2.66603802e-02]
 [-2.55462138e-02]
 [-2.43385631e-02]
 [-2.43385631e-02]
 [-2.52564135e-02]
 [-2.52564135e-02]
 [ 3.28182582e-02]
 [ 3.28182582e-02]
 [ 3.19004078e-02]
 [ 3.19004078e-02]
 [-3.04917055e-01]
 [-3.01277456e-01]
 [-2.96716833e-01]
 [-8.44847054e-02]
 [-7.99240822e-02]
 [-6.43212616e-02]
 [-2.61877930e-02]
 [ 4.45712641e-02]
 [-5.59660496e-02]
 [-1.78325810e-02]
 [ 5.29264762e-02]
 [ 5.29264762e-02]
 [ 5.29264762e-02]
 [ 5.29264762e-02]
 [-7.89747464e-02]
 [-7.96998211e-02]
 [-4.08412778e-02]
 [-4.15663525e-02]
 [-6.62305178e-02]
 [-6.69555926e-02]
 [ 1.71183186e-01]
 [ 1.71183186e-01]
 [ 1.71183186e-01]
 [ 1.71183186e-01]
 [ 1.71183186e-01]
 [ 1.71183186e-01]
 [ 1.71183186e-01]
 [ 1.71183186e-01]
 [ 1.68822300e-01]
 [ 1.68822300e-01]
 [ 1.68822300e-01]
 [ 1.68822300e-01]
 [ 1.75759502e-01]
 [ 1.75759502e-01]
 [ 1.77954671e-01]
 [ 1.77954671e-01]
 [ 1.79574609e-01]
 [ 1.79574609e-01]
 [ 1.73639839e-01]
 [ 1.73639839e-01]
 [ 1.70048301e-01]
 [ 1.78902375e-01]
 [ 1.78902375e-01]
 [ 1.73512153e-01]
 [ 1.73512153e-01]
 [ 1.68845225e-01]
 [ 1.74720877e-01]
 [ 1.74720877e-01]
 [ 1.72333972e-01]
 [ 1.72333972e-01]
 [ 1.74873326e-01]
 [ 1.74873326e-01]
 [ 1.76952671e-01]
 [ 1.76952671e-01]
 [ 1.77304884e-01]
 [ 1.77304884e-01]
 [ 1.77304884e-01]
 [ 1.77304884e-01]
 [-2.92406429e-01]
 [-2.92406429e-01]
 [-2.92406429e-01]
 [-2.92406429e-01]
 [-2.91840089e-01]
 [-2.91840089e-01]
 [-2.91043492e-01]
 [-2.91043492e-01]
 [-2.92725130e-01]
 [-2.92725130e-01]
 [-2.92725130e-01]
 [-2.92725130e-01]
 [-2.93810500e-01]
 [-2.93810500e-01]
 [-2.91932541e-01]
 [-2.91932541e-01]
 [-2.91932541e-01]
 [-2.91932541e-01]
 [-7.54366201e-02]
 [-7.54366201e-02]
 [-7.47846831e-02]
 [-7.47846831e-02]
 [-7.47846831e-02]
 [-7.47846831e-02]
 [-7.39016314e-02]
 [-7.39016314e-02]
 [-7.62670556e-02]
 [-7.62670556e-02]
 [-7.57303778e-02]
 [-7.57303778e-02]
 [-7.64011448e-02]
 [-7.64011448e-02]
 [-7.64011544e-02]
 [-7.64011544e-02]
 [-7.59363045e-02]
 [-7.59363045e-02]
 [-7.59588068e-02]
 [-7.59588068e-02]
 [-7.63505183e-02]
 [-7.63505183e-02]
 [-7.63505183e-02]
 [-7.63505183e-02]
 [-7.73753014e-02]
 [-7.73753014e-02]
 [-7.88225352e-02]
 [-7.88225352e-02]
 [-7.63114009e-02]
 [-7.63114009e-02]
 [-7.63114009e-02]
 [-7.63114009e-02]
 [-7.63114009e-02]
 [-7.63114009e-02]
 [-7.67164032e-02]
 [-7.67164032e-02]
 [-7.62530714e-02]
 [-7.62530714e-02]
 [-7.64506558e-02]
 [-7.64506558e-02]
 [-3.79747186e-02]
 [-3.79747186e-02]
 [-3.78028359e-02]
 [-3.78028359e-02]
 [-3.78764881e-02]
 [-3.78764881e-02]
 [-3.78764881e-02]
 [-3.78764881e-02]
 [-2.80728875e-01]
 [-2.94156852e-01]
 [-3.13582497e-01]
 [-3.39483357e-01]
 [-2.80382523e-01]
 [-2.93810500e-01]
 [-3.13236145e-01]
 [-3.39137005e-01]
 [-2.79805914e-01]
 [-2.93233891e-01]
 [-3.12659536e-01]
 [-3.38560396e-01]
 [-2.78999050e-01]
 [-2.92427027e-01]
 [-3.11852672e-01]
 [-3.37753532e-01]
 [-2.79297153e-01]
 [-2.92725130e-01]
 [-3.12150775e-01]
 [-3.38051635e-01]
 [-2.79015986e-01]
 [-2.92443963e-01]
 [-3.11869608e-01]
 [-3.37770468e-01]
 [-7.73753014e-02]
 [-9.68009463e-02]
 [-1.22701806e-01]
 [-6.53945582e-02]
 [-7.88225352e-02]
 [-9.82481801e-02]
 [-1.24149040e-01]
 [-6.25308298e-02]
 [-7.59588068e-02]
 [-9.53844517e-02]
 [-1.21285312e-01]
 [-6.29225412e-02]
 [-7.63505183e-02]
 [-9.57761632e-02]
 [-1.21677023e-01]
 [-6.29225412e-02]
 [-7.63505183e-02]
 [-9.57761632e-02]
 [-1.21677023e-01]
 [-6.19994054e-02]
 [-7.54273824e-02]
 [-9.48530273e-02]
 [-1.20753887e-01]
 [-6.13567061e-02]
 [-7.47846831e-02]
 [-9.42103280e-02]
 [-1.20111188e-01]
 [-6.08344593e-02]
 [-7.42624364e-02]
 [-9.36880813e-02]
 [-1.19588941e-01]
 [-3.91344114e-02]
 [-3.91344114e-02]
 [-3.85829345e-02]
 [-3.85829345e-02]
 [-3.81335870e-02]
 [-3.81335870e-02]
 [-3.75969092e-02]
 [-3.75969092e-02]
 [-3.82170497e-02]
 [-3.82170497e-02]
 [-3.75507321e-02]
 [-3.75507321e-02]
 [-2.89785849e-02]
 [-2.07518351e-02]
 [-3.74257535e-02]
 [-3.78646851e-02]
 [-3.78646851e-02]
 [-3.81779323e-02]
 [-3.81779323e-02]
 [-3.83119160e-02]
 [-3.83119160e-02]
 [-3.84932740e-02]
 [-3.84932740e-02]
 [-3.72939138e-02]
 [-3.72939138e-02]
 [-3.72939138e-02]
 [-3.72939138e-02]
 [-3.78857736e-02]
 [-3.78857736e-02]
 [-3.78253382e-02]
 [-3.78028359e-02]
 [-3.84463362e-02]
 [-3.84463362e-02]
 [-3.92880269e-02]
 [-3.92880269e-02]
 [-5.14921501e-02]
 [-5.14921501e-02]
 [-3.81196027e-02]
 [-3.81196027e-02]
 [-3.79747186e-02]
 [-3.79747186e-02]
 [-3.79883911e-02]
 [-3.79883911e-02]
 [-3.74850038e-02]
 [-3.74850038e-02]
 [-3.72187211e-02]
 [-3.72187211e-02]
 [-3.66512145e-02]
 [-3.83171872e-02]
 [-3.83171872e-02]
 [-3.75536354e-02]
 [-3.75536354e-02]
 [-3.82676858e-02]
 [-3.82676762e-02]
 [-6.71120535e-02]
 [-5.88853037e-02]
 [-7.55592221e-02]
 [-7.59363045e-02]
 [-2.94153620e-01]
 [-2.94153620e-01]
 [-2.94658845e-01]
 [-2.94658845e-01]
 [-2.97370179e-01]
 [-2.97370179e-01]
 [-7.78660941e-02]
 [-7.78660941e-02]
 [-8.05774287e-02]
 [-8.05774287e-02]
 [-3.40109729e-02]
 [-3.40109729e-02]
 [-3.67223075e-02]
 [-3.67223075e-02]
 [-3.40109729e-02]
 [-3.40109729e-02]
 [-3.67223075e-02]
 [-3.67223075e-02]
 [-3.40109729e-02]
 [-3.40109729e-02]
 [-3.67223075e-02]
 [-3.67223075e-02]
 [ 1.69548388e-01]
 [ 1.69548388e-01]]


Antes do PCA
['pH', 'Temp (C)', 'SlogP', 'SMR', 'LabuteASA', 'TPSA', 'AMW', 'NumLipinskiHBA', 'NumLipinskiHBD', 'NumRotatableBonds', 'HOST_SlogP', 'HOST_SMR', 'HOST_LabuteASA', 'HOST_TPSA', 'HOST_AMW', 'HOST_NumLipinskiHBA', 'HOST_NumLipinskiHBD', 'HOST_NumRotatableBonds']           pH  Temp (C)  ...  HOST_NumLipinskiHBD  HOST_NumRotatableBonds
0    0.965520  0.304949  ...             0.055363                  0.6400
1    0.965520  0.304949  ...             0.055363                  0.6400
2    0.965520  0.304949  ...             0.055363                  0.6400
3    1.000000  0.304949  ...             0.055363                  0.6400
4    0.965520  0.304949  ...             0.055363                  0.6400
5    1.000000  0.304949  ...             0.055363                  0.6400
6    0.965520  0.304949  ...             0.055363                  0.6400
7    0.965520  0.304949  ...             0.055363                  0.6400
8    0.965520  0.304949  ...             0.055363                  0.6400
9    0.965520  0.011616  ...             0.055363                  0.6400
10   0.965520  0.304949  ...             0.055363                  0.6400
11   1.000000  0.304949  ...             0.055363                  0.6400
12   0.414064  0.304949  ...             0.000000                  1.0000
13   0.414064  0.304949  ...             0.000000                  1.0000
14   0.414064  0.304949  ...             0.000000                  1.0000
15   0.414064  0.304949  ...             0.000000                  1.0000
16   0.414064  0.304949  ...             0.000000                  1.0000
17   0.414064  0.304949  ...             0.000000                  1.0000
18   0.414064  0.304949  ...             0.000000                  1.0000
19   0.414064  0.304949  ...             0.000000                  1.0000
20   0.414064  0.304949  ...             0.000000                  1.0000
21   0.414064  0.304949  ...             0.000000                  1.0000
22   0.414064  0.304949  ...             0.000000                  0.0000
23   0.414064  0.304949  ...             0.000000                  0.0000
24   0.414064  0.304949  ...             0.000000                  0.0000
25   0.414064  0.304949  ...             0.000000                  0.0000
26   0.414064  0.304949  ...             0.000000                  0.0000
27   0.414064  0.304949  ...             0.000000                  0.0000
28   0.414064  0.304949  ...             0.000000                  0.0000
29   0.414064  0.304949  ...             0.000000                  0.0000
..        ...       ...  ...                  ...                     ...
402  0.360000  0.308642  ...             0.457612                  0.1225
403  0.360000  0.308642  ...             0.457612                  0.1225
404  0.360000  0.308642  ...             0.381488                  0.1225
405  0.360000  0.308642  ...             0.381488                  0.1225
406  0.360000  0.308642  ...             0.381488                  0.1225
407  0.360000  0.308642  ...             0.381488                  0.1225
408  0.360000  0.308642  ...             0.280277                  0.0900
409  0.360000  0.308642  ...             0.280277                  0.0900
410  0.360000  0.308642  ...             0.280277                  0.0900
411  0.360000  0.308642  ...             0.280277                  0.0900
412  0.360000  0.308642  ...             0.280277                  0.0900
413  0.360000  0.308642  ...             0.280277                  0.0900
414  0.360000  0.308642  ...             0.381488                  0.1225
415  0.360000  0.308642  ...             0.381488                  0.1225
416  0.360000  0.308642  ...             0.381488                  0.1225
417  0.360000  0.308642  ...             0.381488                  0.1225
418  0.360000  0.308642  ...             0.312284                  0.2025
419  0.360000  0.308642  ...             0.312284                  0.2025
420  0.360000  0.308642  ...             0.312284                  0.2025
421  0.360000  0.308642  ...             0.312284                  0.2025
422  0.360000  0.308642  ...             0.312284                  0.2025
423  0.360000  0.308642  ...             0.312284                  0.2025
424  0.360000  0.308642  ...             0.312284                  0.2025
425  0.360000  0.308642  ...             0.312284                  0.2025
426  0.360000  0.308642  ...             0.312284                  0.2025
427  0.360000  0.308642  ...             0.312284                  0.2025
428  0.360000  0.308642  ...             0.312284                  0.2025
429  0.360000  0.308642  ...             0.312284                  0.2025
430  0.360000  0.308642  ...             0.498270                  0.1600
431  0.360000  0.308642  ...             0.498270                  0.1600

[432 rows x 18 columns]



