######################## Base HostGuest_dataset reduction for dim 1


Atributos da base: ['HOST_SlogP', 'HOST_SMR', 'HOST_LabuteASA', 'HOST_TPSA', 'HOST_AMW', 'HOST_NumLipinskiHBA', 'HOST_NumLipinskiHBD', 'HOST_NumRotatableBonds']
Resultados PCA: [[0.45603647 0.43785107 0.4443572  0.27280201 0.40406509 0.15652222
  0.24833155 0.28108106]]

Variance PCA: [0.47519208]



Depois do PCA
[[ 0.80847192]
 [ 0.80847192]
 [ 0.80847192]
 [ 0.80847192]
 [ 0.80847192]
 [ 0.80847192]
 [ 0.93439093]
 [ 0.93439093]
 [ 0.93439093]
 [ 0.93439093]
 [ 0.93439093]
 [ 0.93439093]
 [-0.07970156]
 [-0.07970156]
 [-0.07970156]
 [-0.07970156]
 [-0.07970156]
 [-0.07970156]
 [-0.07970156]
 [-0.07970156]
 [-0.07970156]
 [-0.07970156]
 [-0.34542721]
 [-0.34542721]
 [-0.34542721]
 [-0.34542721]
 [-0.34542721]
 [-0.34542721]
 [-0.34542721]
 [-0.34542721]
 [-0.34542721]
 [-0.34542721]
 [-0.34542721]
 [-0.34542721]
 [-0.34542721]
 [-0.34542721]
 [ 0.80847192]
 [ 0.80847192]
 [ 0.80847192]
 [ 0.80847192]
 [ 0.80847192]
 [ 0.80847192]
 [ 0.80847192]
 [ 0.80847192]
 [ 0.80847192]
 [-0.25218656]
 [-0.25218656]
 [-0.25218656]
 [-0.25218656]
 [-0.25218656]
 [-0.25218656]
 [-0.25218656]
 [-0.34542721]
 [-0.34542721]
 [-0.16600669]
 [-0.16600669]
 [-0.16600669]
 [-0.16600669]
 [-0.16600669]
 [-0.16600669]
 [-0.16600669]
 [-0.16600669]
 [-0.16600669]
 [-0.16600669]
 [-0.16600669]
 [-0.16600669]
 [-0.16600669]
 [-0.16600669]
 [-0.16600669]
 [-0.16600669]
 [-0.16600669]
 [-0.16600669]
 [-0.16600669]
 [-0.16600669]
 [-0.34542721]
 [-0.16600669]
 [-0.16600669]
 [-0.16600669]
 [-0.16600669]
 [-0.16600669]
 [-0.16600669]
 [-0.16600669]
 [-0.16600669]
 [-0.16600669]
 [-0.16600669]
 [-0.16600669]
 [-0.16600669]
 [-0.16600669]
 [-0.16600669]
 [-0.16600669]
 [-0.16600669]
 [-0.16600669]
 [-0.16600669]
 [-0.16600669]
 [-0.16600669]
 [-0.16600669]
 [-0.16600669]
 [-0.16600669]
 [-0.16600669]
 [-0.16600669]
 [-0.16600669]
 [-0.16600669]
 [-0.16600669]
 [-0.16600669]
 [-0.16600669]
 [-0.16600669]
 [-0.16600669]
 [ 1.52720629]
 [ 1.52720629]
 [ 1.52720629]
 [ 1.52720629]
 [ 1.30436202]
 [ 1.30436202]
 [ 1.30436202]
 [ 1.30436202]
 [ 1.30436202]
 [ 1.30436202]
 [ 1.30436202]
 [ 1.30436202]
 [-0.07232173]
 [-0.07232173]
 [-0.07232173]
 [-0.07232173]
 [-0.07232173]
 [-0.07232173]
 [-0.07232173]
 [-0.07232173]
 [-0.04299268]
 [-0.04299268]
 [-0.04299268]
 [-0.04299268]
 [-0.04299268]
 [-0.04299268]
 [-0.04299268]
 [-0.04299268]
 [ 0.00428339]
 [ 0.00428339]
 [ 0.00428339]
 [ 0.00428339]
 [ 0.00428339]
 [ 0.00428339]
 [ 0.00428339]
 [ 0.00428339]
 [ 0.02765875]
 [ 0.02765875]
 [ 0.02765875]
 [ 0.02765875]
 [ 0.02765875]
 [ 0.02765875]
 [ 0.02765875]
 [ 0.02765875]
 [-0.02048982]
 [-0.02048982]
 [-0.02048982]
 [-0.02048982]
 [-0.02048982]
 [-0.02048982]
 [-0.02048982]
 [-0.02048982]
 [-0.03518511]
 [-0.03518511]
 [-0.03518511]
 [-0.03518511]
 [-0.03518511]
 [-0.03518511]
 [-0.03518511]
 [-0.03518511]
 [ 0.02667587]
 [ 0.02667587]
 [ 0.02667587]
 [ 0.02667587]
 [-0.30030324]
 [-0.30030324]
 [-0.30030324]
 [-0.07232173]
 [-0.07232173]
 [-0.07232173]
 [-0.03065839]
 [ 0.03586041]
 [-0.07232173]
 [-0.03065839]
 [ 0.03586041]
 [ 0.03586041]
 [ 0.03586041]
 [ 0.03586041]
 [-0.07232173]
 [-0.07232173]
 [-0.03065839]
 [-0.03065839]
 [-0.05807942]
 [-0.05807942]
 [ 0.19071389]
 [ 0.19071389]
 [ 0.19071389]
 [ 0.19071389]
 [ 0.19071389]
 [ 0.19071389]
 [ 0.19071389]
 [ 0.19071389]
 [ 0.19071389]
 [ 0.19071389]
 [ 0.19071389]
 [ 0.19071389]
 [ 0.19071389]
 [ 0.19071389]
 [ 0.19071389]
 [ 0.19071389]
 [ 0.19071389]
 [ 0.19071389]
 [ 0.19071389]
 [ 0.19071389]
 [ 0.19071389]
 [ 0.19071389]
 [ 0.19071389]
 [ 0.19071389]
 [ 0.19071389]
 [ 0.19071389]
 [ 0.19071389]
 [ 0.19071389]
 [ 0.19071389]
 [ 0.19071389]
 [ 0.19071389]
 [ 0.19071389]
 [ 0.19071389]
 [ 0.19071389]
 [ 0.19071389]
 [ 0.19071389]
 [ 0.19071389]
 [ 0.19071389]
 [-0.30030324]
 [-0.30030324]
 [-0.30030324]
 [-0.30030324]
 [-0.30030324]
 [-0.30030324]
 [-0.30030324]
 [-0.30030324]
 [-0.30030324]
 [-0.30030324]
 [-0.30030324]
 [-0.30030324]
 [-0.30030324]
 [-0.30030324]
 [-0.30030324]
 [-0.30030324]
 [-0.30030324]
 [-0.30030324]
 [-0.07232173]
 [-0.07232173]
 [-0.07232173]
 [-0.07232173]
 [-0.07232173]
 [-0.07232173]
 [-0.07232173]
 [-0.07232173]
 [-0.07232173]
 [-0.07232173]
 [-0.07232173]
 [-0.07232173]
 [-0.07232173]
 [-0.07232173]
 [-0.07232173]
 [-0.07232173]
 [-0.07232173]
 [-0.07232173]
 [-0.07232173]
 [-0.07232173]
 [-0.07232173]
 [-0.07232173]
 [-0.07232173]
 [-0.07232173]
 [-0.07232173]
 [-0.07232173]
 [-0.07232173]
 [-0.07232173]
 [-0.07232173]
 [-0.07232173]
 [-0.07232173]
 [-0.07232173]
 [-0.07232173]
 [-0.07232173]
 [-0.07232173]
 [-0.07232173]
 [-0.07232173]
 [-0.07232173]
 [-0.07232173]
 [-0.07232173]
 [-0.03065839]
 [-0.03065839]
 [-0.03065839]
 [-0.03065839]
 [-0.03065839]
 [-0.03065839]
 [-0.03065839]
 [-0.03065839]
 [-0.30030324]
 [-0.30030324]
 [-0.30030324]
 [-0.30030324]
 [-0.30030324]
 [-0.30030324]
 [-0.30030324]
 [-0.30030324]
 [-0.30030324]
 [-0.30030324]
 [-0.30030324]
 [-0.30030324]
 [-0.30030324]
 [-0.30030324]
 [-0.30030324]
 [-0.30030324]
 [-0.30030324]
 [-0.30030324]
 [-0.30030324]
 [-0.30030324]
 [-0.30030324]
 [-0.30030324]
 [-0.30030324]
 [-0.30030324]
 [-0.07232173]
 [-0.07232173]
 [-0.07232173]
 [-0.07232173]
 [-0.07232173]
 [-0.07232173]
 [-0.07232173]
 [-0.07232173]
 [-0.07232173]
 [-0.07232173]
 [-0.07232173]
 [-0.07232173]
 [-0.07232173]
 [-0.07232173]
 [-0.07232173]
 [-0.07232173]
 [-0.07232173]
 [-0.07232173]
 [-0.07232173]
 [-0.07232173]
 [-0.07232173]
 [-0.07232173]
 [-0.07232173]
 [-0.07232173]
 [-0.07232173]
 [-0.07232173]
 [-0.07232173]
 [-0.07232173]
 [-0.07232173]
 [-0.07232173]
 [-0.07232173]
 [-0.03065839]
 [-0.03065839]
 [-0.03065839]
 [-0.03065839]
 [-0.03065839]
 [-0.03065839]
 [-0.03065839]
 [-0.03065839]
 [-0.03065839]
 [-0.03065839]
 [-0.03065839]
 [-0.03065839]
 [-0.03065839]
 [-0.03065839]
 [-0.03065839]
 [-0.03065839]
 [-0.03065839]
 [-0.03065839]
 [-0.03065839]
 [-0.03065839]
 [-0.03065839]
 [-0.03065839]
 [-0.03065839]
 [-0.03065839]
 [-0.03065839]
 [-0.03065839]
 [-0.03065839]
 [-0.03065839]
 [-0.03065839]
 [-0.03065839]
 [-0.03065839]
 [-0.03065839]
 [-0.03065839]
 [-0.03065839]
 [-0.03065839]
 [-0.03065839]
 [-0.03065839]
 [-0.03065839]
 [-0.03065839]
 [-0.03065839]
 [-0.03065839]
 [-0.03065839]
 [-0.03065839]
 [-0.03065839]
 [-0.03065839]
 [-0.03065839]
 [-0.03065839]
 [-0.03065839]
 [-0.03065839]
 [-0.03065839]
 [-0.03065839]
 [-0.03065839]
 [-0.03065839]
 [-0.03065839]
 [-0.07232173]
 [-0.07232173]
 [-0.07232173]
 [-0.07232173]
 [-0.30030324]
 [-0.30030324]
 [-0.30030324]
 [-0.30030324]
 [-0.30030324]
 [-0.30030324]
 [-0.07232173]
 [-0.07232173]
 [-0.07232173]
 [-0.07232173]
 [-0.03416435]
 [-0.03416435]
 [-0.03416435]
 [-0.03416435]
 [-0.03416435]
 [-0.03416435]
 [-0.03416435]
 [-0.03416435]
 [-0.03416435]
 [-0.03416435]
 [-0.03416435]
 [-0.03416435]
 [ 0.19071389]
 [ 0.19071389]]


Antes do PCA
['HOST_SlogP', 'HOST_SMR', 'HOST_LabuteASA', 'HOST_TPSA', 'HOST_AMW', 'HOST_NumLipinskiHBA', 'HOST_NumLipinskiHBD', 'HOST_NumRotatableBonds']     HOST_SlogP  HOST_SMR  ...  HOST_NumLipinskiHBD  HOST_NumRotatableBonds
0      0.730216  0.918537  ...             0.055363                  0.6400
1      0.730216  0.918537  ...             0.055363                  0.6400
2      0.730216  0.918537  ...             0.055363                  0.6400
3      0.730216  0.918537  ...             0.055363                  0.6400
4      0.730216  0.918537  ...             0.055363                  0.6400
5      0.730216  0.918537  ...             0.055363                  0.6400
6      0.821892  1.000000  ...             0.055363                  0.6400
7      0.821892  1.000000  ...             0.055363                  0.6400
8      0.821892  1.000000  ...             0.055363                  0.6400
9      0.821892  1.000000  ...             0.055363                  0.6400
10     0.821892  1.000000  ...             0.055363                  0.6400
11     0.821892  1.000000  ...             0.055363                  0.6400
12     0.013178  0.380718  ...             0.000000                  1.0000
13     0.013178  0.380718  ...             0.000000                  1.0000
14     0.013178  0.380718  ...             0.000000                  1.0000
15     0.013178  0.380718  ...             0.000000                  1.0000
16     0.013178  0.380718  ...             0.000000                  1.0000
17     0.013178  0.380718  ...             0.000000                  1.0000
18     0.013178  0.380718  ...             0.000000                  1.0000
19     0.013178  0.380718  ...             0.000000                  1.0000
20     0.013178  0.380718  ...             0.000000                  1.0000
21     0.013178  0.380718  ...             0.000000                  1.0000
22     0.077745  0.296899  ...             0.000000                  0.0000
23     0.077745  0.296899  ...             0.000000                  0.0000
24     0.077745  0.296899  ...             0.000000                  0.0000
25     0.077745  0.296899  ...             0.000000                  0.0000
26     0.077745  0.296899  ...             0.000000                  0.0000
27     0.077745  0.296899  ...             0.000000                  0.0000
28     0.077745  0.296899  ...             0.000000                  0.0000
29     0.077745  0.296899  ...             0.000000                  0.0000
..          ...       ...  ...                  ...                     ...
402    0.454716  0.252957  ...             0.457612                  0.1225
403    0.454716  0.252957  ...             0.457612                  0.1225
404    0.413016  0.251481  ...             0.381488                  0.1225
405    0.413016  0.251481  ...             0.381488                  0.1225
406    0.413016  0.251481  ...             0.381488                  0.1225
407    0.413016  0.251481  ...             0.381488                  0.1225
408    0.303440  0.184762  ...             0.280277                  0.0900
409    0.303440  0.184762  ...             0.280277                  0.0900
410    0.303440  0.184762  ...             0.280277                  0.0900
411    0.303440  0.184762  ...             0.280277                  0.0900
412    0.303440  0.184762  ...             0.280277                  0.0900
413    0.303440  0.184762  ...             0.280277                  0.0900
414    0.413016  0.251481  ...             0.381488                  0.1225
415    0.413016  0.251481  ...             0.381488                  0.1225
416    0.413016  0.251481  ...             0.381488                  0.1225
417    0.413016  0.251481  ...             0.381488                  0.1225
418    0.339209  0.325938  ...             0.312284                  0.2025
419    0.339209  0.325938  ...             0.312284                  0.2025
420    0.339209  0.325938  ...             0.312284                  0.2025
421    0.339209  0.325938  ...             0.312284                  0.2025
422    0.339209  0.325938  ...             0.312284                  0.2025
423    0.339209  0.325938  ...             0.312284                  0.2025
424    0.339209  0.325938  ...             0.312284                  0.2025
425    0.339209  0.325938  ...             0.312284                  0.2025
426    0.339209  0.325938  ...             0.312284                  0.2025
427    0.339209  0.325938  ...             0.312284                  0.2025
428    0.339209  0.325938  ...             0.312284                  0.2025
429    0.339209  0.325938  ...             0.312284                  0.2025
430    0.539449  0.328465  ...             0.498270                  0.1600
431    0.539449  0.328465  ...             0.498270                  0.1600

[432 rows x 8 columns]



