######################## Base HostGuest_dataset reduction for dim 1


Atributos da base: ['pH', 'Temp (C)']

Resultados PCA: [[-0.16186148  0.98681349]]

Variance PCA: [0.64576842]



Depois do PCA
[[-0.12741319]
 [-0.12741319]
 [-0.12741319]
 [-0.1329942 ]
 [-0.12741319]
 [-0.1329942 ]
 [-0.12741319]
 [-0.12741319]
 [-0.12741319]
 [-0.41687848]
 [-0.12741319]
 [-0.1329942 ]
 [-0.03815377]
 [-0.03815377]
 [-0.03815377]
 [-0.03815377]
 [-0.03815377]
 [-0.03815377]
 [-0.03815377]
 [-0.03815377]
 [-0.03815377]
 [-0.03815377]
 [-0.03815377]
 [-0.03815377]
 [-0.03815377]
 [-0.03815377]
 [-0.03815377]
 [-0.03815377]
 [-0.03815377]
 [-0.03815377]
 [-0.03815377]
 [-0.03815377]
 [-0.03815377]
 [-0.03815377]
 [-0.03815377]
 [-0.03815377]
 [-0.07472406]
 [-0.07472406]
 [-0.07472406]
 [-0.07472406]
 [-0.07472406]
 [-0.07472406]
 [-0.07472406]
 [-0.07472406]
 [-0.07472406]
 [-0.03815377]
 [-0.03815377]
 [-0.03815377]
 [-0.03815377]
 [-0.03815377]
 [-0.03815377]
 [-0.03815377]
 [ 0.01928433]
 [ 0.01928433]
 [ 0.01928433]
 [ 0.01928433]
 [-0.02746018]
 [-0.02746018]
 [-0.02746018]
 [-0.02746018]
 [-0.02746018]
 [-0.02746018]
 [-0.02746018]
 [-0.02746018]
 [-0.02746018]
 [-0.02746018]
 [-0.02746018]
 [ 0.02322061]
 [ 0.02322061]
 [ 0.02322061]
 [ 0.02322061]
 [ 0.02322061]
 [ 0.02322061]
 [ 0.02322061]
 [ 0.02322061]
 [-0.02746018]
 [-0.02746018]
 [-0.02746018]
 [-0.02746018]
 [-0.02746018]
 [-0.02746018]
 [-0.02746018]
 [-0.02746018]
 [-0.02746018]
 [-0.02746018]
 [-0.02746018]
 [-0.02746018]
 [-0.02746018]
 [-0.02746018]
 [-0.02746018]
 [-0.02746018]
 [-0.02746018]
 [-0.02746018]
 [-0.02746018]
 [-0.02746018]
 [-0.02746018]
 [-0.02746018]
 [-0.02746018]
 [-0.02746018]
 [-0.02746018]
 [-0.02746018]
 [-0.02746018]
 [-0.02746018]
 [-0.02746018]
 [-0.02746018]
 [-0.02746018]
 [-0.02746018]
 [-0.02746018]
 [-0.02746018]
 [-0.02746018]
 [-0.02746018]
 [-0.02746018]
 [-0.02746018]
 [-0.02746018]
 [-0.02746018]
 [-0.02746018]
 [-0.02746018]
 [-0.02746018]
 [-0.02746018]
 [-0.03093607]
 [-0.03093607]
 [-0.03093607]
 [-0.03093607]
 [-0.03093607]
 [-0.03093607]
 [-0.03093607]
 [-0.03093607]
 [-0.03093607]
 [-0.03093607]
 [-0.03093607]
 [-0.03093607]
 [-0.03093607]
 [-0.03093607]
 [-0.03093607]
 [-0.03093607]
 [-0.03093607]
 [-0.03093607]
 [-0.03093607]
 [-0.03093607]
 [-0.03093607]
 [-0.03093607]
 [-0.03093607]
 [-0.03093607]
 [-0.03093607]
 [-0.03093607]
 [-0.03093607]
 [-0.03093607]
 [-0.03093607]
 [-0.03093607]
 [-0.03093607]
 [-0.03093607]
 [-0.03093607]
 [-0.03093607]
 [-0.03093607]
 [-0.03093607]
 [-0.03093607]
 [-0.03093607]
 [-0.03093607]
 [-0.03093607]
 [-0.03093607]
 [-0.03093607]
 [-0.03093607]
 [-0.03093607]
 [-0.03093607]
 [-0.03093607]
 [-0.03093607]
 [-0.03093607]
 [-0.03093607]
 [-0.03093607]
 [-0.03093607]
 [-0.03093607]
 [ 0.26663583]
 [ 0.26663583]
 [ 0.26663583]
 [ 0.26663583]
 [ 0.26663583]
 [-0.03093607]
 [-0.03093607]
 [-0.03093607]
 [-0.03093607]
 [-0.03093607]
 [-0.03093607]
 [-0.03093607]
 [-0.03093607]
 [-0.03093607]
 [ 0.1094803 ]
 [ 0.1094803 ]
 [ 0.1094803 ]
 [ 0.1094803 ]
 [ 0.1094803 ]
 [ 0.1094803 ]
 [-0.02575895]
 [-0.02575895]
 [-0.02575895]
 [-0.02575895]
 [-0.02575895]
 [-0.02575895]
 [-0.02575895]
 [-0.02575895]
 [-0.02575895]
 [-0.02575895]
 [-0.02575895]
 [-0.02575895]
 [-0.02575895]
 [-0.02575895]
 [-0.02575895]
 [-0.02575895]
 [-0.02575895]
 [-0.02575895]
 [-0.02575895]
 [-0.02575895]
 [-0.02575895]
 [-0.02575895]
 [-0.02575895]
 [-0.02575895]
 [-0.02575895]
 [-0.02575895]
 [-0.02575895]
 [-0.02575895]
 [-0.02575895]
 [-0.02575895]
 [-0.02575895]
 [-0.02575895]
 [-0.02575895]
 [-0.02575895]
 [-0.02575895]
 [-0.02575895]
 [-0.02575895]
 [-0.02575895]
 [-0.02575895]
 [-0.02575895]
 [-0.02575895]
 [-0.02575895]
 [-0.02575895]
 [-0.02575895]
 [-0.02575895]
 [-0.02575895]
 [-0.02575895]
 [-0.02575895]
 [-0.02575895]
 [-0.02575895]
 [-0.02575895]
 [-0.02575895]
 [-0.02575895]
 [-0.02575895]
 [-0.02575895]
 [-0.02575895]
 [-0.02575895]
 [-0.02575895]
 [-0.02575895]
 [-0.02575895]
 [-0.02575895]
 [-0.02575895]
 [-0.02575895]
 [-0.02575895]
 [-0.02575895]
 [-0.02575895]
 [-0.02575895]
 [-0.02575895]
 [-0.02575895]
 [-0.02575895]
 [-0.02575895]
 [-0.02575895]
 [-0.02575895]
 [-0.02575895]
 [-0.02575895]
 [-0.02575895]
 [-0.02575895]
 [-0.02575895]
 [-0.02575895]
 [-0.02575895]
 [-0.02575895]
 [-0.02575895]
 [-0.02575895]
 [-0.02575895]
 [-0.02575895]
 [-0.02575895]
 [-0.02575895]
 [-0.02575895]
 [-0.02575895]
 [-0.02575895]
 [-0.02575895]
 [-0.02575895]
 [-0.02575895]
 [-0.02575895]
 [-0.02575895]
 [-0.02575895]
 [-0.02575895]
 [-0.02575895]
 [-0.02575895]
 [-0.02575895]
 [-0.02575895]
 [-0.02575895]
 [-0.02575895]
 [-0.02575895]
 [-0.22787297]
 [-0.02575895]
 [ 0.26663023]
 [ 0.65648248]
 [-0.22787297]
 [-0.02575895]
 [ 0.26663023]
 [ 0.65648248]
 [-0.22787297]
 [-0.02575895]
 [ 0.26663023]
 [ 0.65648248]
 [-0.22787297]
 [-0.02575895]
 [ 0.26663023]
 [ 0.65648248]
 [-0.22787297]
 [-0.02575895]
 [ 0.26663023]
 [ 0.65648248]
 [-0.22787297]
 [-0.02575895]
 [ 0.26663023]
 [ 0.65648248]
 [-0.02575895]
 [ 0.26663023]
 [ 0.65648248]
 [-0.22787297]
 [-0.02575895]
 [ 0.26663023]
 [ 0.65648248]
 [-0.22787297]
 [-0.02575895]
 [ 0.26663023]
 [ 0.65648248]
 [-0.22787297]
 [-0.02575895]
 [ 0.26663023]
 [ 0.65648248]
 [-0.22787297]
 [-0.02575895]
 [ 0.26663023]
 [ 0.65648248]
 [-0.22787297]
 [-0.02575895]
 [ 0.26663023]
 [ 0.65648248]
 [-0.22787297]
 [-0.02575895]
 [ 0.26663023]
 [ 0.65648248]
 [-0.22787297]
 [-0.02575895]
 [ 0.26663023]
 [ 0.65648248]
 [-0.02575895]
 [-0.02575895]
 [-0.02575895]
 [-0.02575895]
 [-0.02575895]
 [-0.02575895]
 [-0.02575895]
 [-0.02575895]
 [-0.02575895]
 [-0.02575895]
 [-0.02575895]
 [-0.02575895]
 [-0.02575895]
 [-0.02575895]
 [-0.02575895]
 [-0.02575895]
 [-0.02575895]
 [-0.02575895]
 [-0.02575895]
 [-0.02575895]
 [-0.02575895]
 [-0.02575895]
 [-0.02575895]
 [-0.02575895]
 [-0.02575895]
 [-0.02575895]
 [-0.02575895]
 [-0.02575895]
 [-0.02575895]
 [-0.02575895]
 [-0.02575895]
 [-0.02575895]
 [-0.02575895]
 [-0.02575895]
 [-0.02575895]
 [-0.01303033]
 [-0.01303033]
 [-0.02575895]
 [-0.02575895]
 [-0.02575895]
 [-0.02575895]
 [-0.02575895]
 [-0.02575895]
 [-0.02575895]
 [-0.02575895]
 [-0.02575895]
 [-0.02575895]
 [-0.02575895]
 [-0.02575895]
 [-0.02575895]
 [-0.02575895]
 [-0.02575895]
 [-0.02575895]
 [-0.02575895]
 [-0.02575895]
 [-0.02575895]
 [-0.02575895]
 [-0.02575895]
 [-0.02575895]
 [-0.02575895]
 [-0.02575895]
 [-0.02575895]
 [-0.02575895]
 [-0.02575895]
 [-0.02575895]
 [-0.02575895]
 [-0.02575895]
 [-0.02575895]
 [-0.02575895]
 [-0.02575895]
 [-0.02575895]
 [-0.02575895]
 [-0.02575895]
 [-0.02575895]
 [-0.02575895]
 [-0.02575895]
 [-0.02575895]
 [-0.02575895]
 [-0.02575895]
 [-0.02575895]
 [-0.02575895]
 [-0.02575895]]


Antes do PCA
['pH', 'Temp (C)']          pH  Temp (C)
0    0.96552  0.304949
1    0.96552  0.304949
2    0.96552  0.304949
3    1.00000  0.304949
4    0.96552  0.304949
..       ...       ...
427  0.36000  0.308642
428  0.36000  0.308642
429  0.36000  0.308642
430  0.36000  0.308642
431  0.36000  0.308642

[432 rows x 2 columns]



