######################## Base HostGuest_dataset reduction for dim 1


Atributos da base: ['SlogP', 'SMR', 'LabuteASA', 'TPSA', 'AMW', 'NumLipinskiHBA', 'NumLipinskiHBD', 'NumRotatableBonds']

Resultados PCA: [[0.19274879 0.39791139 0.40233213 0.3950298  0.40241228 0.40019307
  0.01464704 0.40532712]]

Variance PCA: [0.66341331]



Depois do PCA
[[-8.27303120e-02]
 [-6.72554378e-02]
 [-4.58733826e-02]
 [-3.42116954e-02]
 [-4.91279239e-02]
 [-4.89626042e-02]
 [-8.27303120e-02]
 [-6.72554378e-02]
 [-4.58733826e-02]
 [-3.42116954e-02]
 [-4.91279239e-02]
 [-4.89626042e-02]
 [-7.70972045e-02]
 [-1.04918049e-01]
 [-8.06285682e-02]
 [-3.43953787e-03]
 [ 9.61756679e-03]
 [-1.38827186e-02]
 [ 8.82881263e-03]
 [ 9.20340490e-02]
 [-2.38456857e-03]
 [ 8.58626238e-04]
 [-7.70972045e-02]
 [-8.88047854e-02]
 [-7.35111061e-02]
 [-8.11480333e-02]
 [-9.25253478e-02]
 [-8.48884206e-02]
 [-7.16280188e-02]
 [-7.02271268e-02]
 [-5.95203953e-02]
 [-1.01985866e-01]
 [-8.08713956e-02]
 [-5.13658492e-02]
 [-5.67808220e-02]
 [-5.81207363e-02]
 [-5.67878926e-02]
 [-4.75147039e-02]
 [-3.80721675e-02]
 [-3.89080125e-02]
 [-3.89080125e-02]
 [-5.08781734e-02]
 [-4.27860899e-02]
 [-6.15849049e-02]
 [-4.01714419e-02]
 [ 3.86054443e-02]
 [-3.75699121e-04]
 [ 7.32415006e-02]
 [-3.34917702e-02]
 [ 1.22897078e-03]
 [ 1.34160556e-01]
 [ 4.21798153e-02]
 [-2.97572722e-02]
 [ 5.98095760e-03]
 [-2.97572722e-02]
 [ 5.98095760e-03]
 [-3.87942281e-02]
 [-2.94409790e-02]
 [-2.94409790e-02]
 [-7.30095837e-02]
 [-4.49407170e-02]
 [-5.36568438e-02]
 [-1.30976170e-02]
 [-5.64197725e-02]
 [ 2.33687937e+00]
 [ 2.35405842e+00]
 [ 2.38175529e+00]
 [ 2.33687937e+00]
 [ 2.35405842e+00]
 [ 2.38175529e+00]
 [-1.45179105e-02]
 [-1.45179105e-02]
 [-1.45179105e-02]
 [-5.52205087e-02]
 [-5.52205087e-02]
 [-2.94409790e-02]
 [-2.94409790e-02]
 [-6.35524692e-02]
 [-5.43030856e-02]
 [-2.94409790e-02]
 [-2.94409790e-02]
 [-2.94409790e-02]
 [-6.36563347e-02]
 [-2.94409790e-02]
 [-5.64197725e-02]
 [-6.36563347e-02]
 [-5.81200390e-02]
 [-2.43501091e-02]
 [-6.36563347e-02]
 [-6.10522275e-02]
 [-5.81200390e-02]
 [-5.85654647e-02]
 [-3.87942281e-02]
 [-2.43501091e-02]
 [-5.85654647e-02]
 [-5.81200390e-02]
 [-3.87942281e-02]
 [-5.51297037e-02]
 [-4.82573088e-02]
 [-5.51297037e-02]
 [-7.30095837e-02]
 [-4.49407170e-02]
 [-5.85654647e-02]
 [ 8.89192632e-03]
 [-5.36568438e-02]
 [-5.51297037e-02]
 [-5.34745947e-02]
 [-6.44913881e-03]
 [ 5.43586919e-03]
 [ 1.73208772e-02]
 [ 2.92058852e-02]
 [-3.02191548e-02]
 [-1.83341468e-02]
 [-6.44913881e-03]
 [ 5.43586919e-03]
 [ 1.73208772e-02]
 [ 2.92058852e-02]
 [-2.74783486e-02]
 [-1.55933406e-02]
 [-8.40036625e-02]
 [-7.32969310e-02]
 [-6.25901995e-02]
 [-5.18834680e-02]
 [-4.31467927e-02]
 [-4.31467927e-02]
 [-4.37289219e-02]
 [-4.37289219e-02]
 [-8.40036625e-02]
 [-7.32969310e-02]
 [-6.25901995e-02]
 [-5.18834680e-02]
 [-4.31467927e-02]
 [-4.31467927e-02]
 [-4.37289219e-02]
 [-4.37289219e-02]
 [-8.40036625e-02]
 [-7.32969310e-02]
 [-6.25901995e-02]
 [-5.18834680e-02]
 [-4.31467927e-02]
 [-4.31467927e-02]
 [-4.37289219e-02]
 [-4.37289219e-02]
 [-8.40036625e-02]
 [-7.32969310e-02]
 [-6.25901995e-02]
 [-5.18834680e-02]
 [-4.31467927e-02]
 [-4.31467927e-02]
 [-4.37289219e-02]
 [-4.37289219e-02]
 [-8.40036625e-02]
 [-7.32969310e-02]
 [-6.25901995e-02]
 [-5.18834680e-02]
 [-4.31467927e-02]
 [-4.31467927e-02]
 [-4.37289219e-02]
 [-4.37289219e-02]
 [-8.40036625e-02]
 [-7.32969310e-02]
 [-6.25901995e-02]
 [-5.18834680e-02]
 [-4.31467927e-02]
 [-4.31467927e-02]
 [-4.37289219e-02]
 [-4.37289219e-02]
 [-4.31467927e-02]
 [-4.31467927e-02]
 [-4.37289219e-02]
 [-4.37289219e-02]
 [-7.58418284e-03]
 [ 1.61858332e-02]
 [ 3.99558492e-02]
 [ 1.61858332e-02]
 [ 3.99558492e-02]
 [-2.77147315e-02]
 [-2.77147315e-02]
 [-2.77147315e-02]
 [ 1.98253005e-02]
 [ 1.98253005e-02]
 [ 1.98253005e-02]
 [ 1.98253005e-02]
 [ 1.98253005e-02]
 [ 1.98253005e-02]
 [-2.56258592e-02]
 [-3.98380552e-02]
 [-2.56258592e-02]
 [-3.98380552e-02]
 [-2.56258592e-02]
 [-3.98380552e-02]
 [ 5.68209155e-02]
 [ 5.68209155e-02]
 [ 5.68209155e-02]
 [ 5.68209155e-02]
 [ 5.68209155e-02]
 [ 5.68209155e-02]
 [ 5.68209155e-02]
 [ 5.68209155e-02]
 [ 6.61741646e-02]
 [ 6.61741646e-02]
 [ 6.61741646e-02]
 [ 6.61741646e-02]
 [ 4.80906116e-02]
 [ 4.80906116e-02]
 [ 3.87373625e-02]
 [ 3.87373625e-02]
 [ 5.06223705e-02]
 [ 5.06223705e-02]
 [ 5.62946963e-02]
 [ 5.62946963e-02]
 [ 7.38520302e-02]
 [ 6.74433515e-02]
 [ 6.74433515e-02]
 [ 8.50006853e-02]
 [ 8.50006853e-02]
 [ 1.02558019e-01]
 [ 6.69659483e-02]
 [ 6.69659483e-02]
 [ 7.63191973e-02]
 [ 7.63191973e-02]
 [ 9.56719373e-02]
 [ 9.56719373e-02]
 [ 8.69430398e-02]
 [ 8.69430398e-02]
 [ 7.63822806e-02]
 [ 7.63822806e-02]
 [ 7.63822806e-02]
 [ 7.63822806e-02]
 [-8.69033886e-02]
 [-8.69033886e-02]
 [-8.69033886e-02]
 [-8.69033886e-02]
 [-7.50183806e-02]
 [-7.50183806e-02]
 [-6.31333726e-02]
 [-6.31333726e-02]
 [-7.53775444e-02]
 [-7.53775444e-02]
 [-7.53775444e-02]
 [-7.53775444e-02]
 [-7.07702998e-02]
 [-7.07702998e-02]
 [-5.16075284e-02]
 [-5.16075284e-02]
 [-5.16075284e-02]
 [-5.16075284e-02]
 [-8.40036625e-02]
 [-8.40036625e-02]
 [-7.32969310e-02]
 [-7.32969310e-02]
 [-7.32969310e-02]
 [-7.32969310e-02]
 [-6.25901995e-02]
 [-6.25901995e-02]
 [-5.37966868e-02]
 [-5.37966868e-02]
 [-2.40657164e-02]
 [-2.40657164e-02]
 [-5.02548251e-02]
 [-5.02548251e-02]
 [-5.14685812e-02]
 [-5.14685812e-02]
 [-7.28717938e-02]
 [-7.28717938e-02]
 [-6.67470777e-02]
 [-6.67470777e-02]
 [-5.73938286e-02]
 [-5.73938286e-02]
 [-5.73938286e-02]
 [-5.73938286e-02]
 [-7.40248411e-02]
 [-7.40248411e-02]
 [-6.46715921e-02]
 [-6.46715921e-02]
 [-5.04034999e-02]
 [-5.04034999e-02]
 [-5.04034999e-02]
 [-5.04034999e-02]
 [-5.04034999e-02]
 [-5.04034999e-02]
 [-4.10502508e-02]
 [-4.10502508e-02]
 [-6.83048176e-02]
 [-6.83048176e-02]
 [-6.09567668e-02]
 [-6.09567668e-02]
 [-7.32670762e-02]
 [-7.32670762e-02]
 [-7.28717938e-02]
 [-7.28717938e-02]
 [-8.21449825e-02]
 [-8.21449825e-02]
 [-8.21449825e-02]
 [-8.21449825e-02]
 [-8.26553078e-02]
 [-8.26553078e-02]
 [-8.26553078e-02]
 [-8.26553078e-02]
 [-7.07702998e-02]
 [-7.07702998e-02]
 [-7.07702998e-02]
 [-7.07702998e-02]
 [-5.88852918e-02]
 [-5.88852918e-02]
 [-5.88852918e-02]
 [-5.88852918e-02]
 [-4.70002838e-02]
 [-4.70002838e-02]
 [-4.70002838e-02]
 [-4.70002838e-02]
 [-7.53775444e-02]
 [-7.53775444e-02]
 [-7.53775444e-02]
 [-7.53775444e-02]
 [-6.34925364e-02]
 [-6.34925364e-02]
 [-6.34925364e-02]
 [-6.34925364e-02]
 [-7.40248411e-02]
 [-7.40248411e-02]
 [-7.40248411e-02]
 [-6.46715921e-02]
 [-6.46715921e-02]
 [-6.46715921e-02]
 [-6.46715921e-02]
 [-6.67470777e-02]
 [-6.67470777e-02]
 [-6.67470777e-02]
 [-6.67470777e-02]
 [-5.73938286e-02]
 [-5.73938286e-02]
 [-5.73938286e-02]
 [-5.73938286e-02]
 [-5.73938286e-02]
 [-5.73938286e-02]
 [-5.73938286e-02]
 [-5.73938286e-02]
 [-5.29360844e-02]
 [-5.29360844e-02]
 [-5.29360844e-02]
 [-5.29360844e-02]
 [-7.32969310e-02]
 [-7.32969310e-02]
 [-7.32969310e-02]
 [-7.32969310e-02]
 [-6.52048475e-02]
 [-6.52048475e-02]
 [-6.52048475e-02]
 [-6.52048475e-02]
 [-2.16975109e-02]
 [-2.16975109e-02]
 [-4.10502508e-02]
 [-4.10502508e-02]
 [-5.37966868e-02]
 [-5.37966868e-02]
 [-2.40657164e-02]
 [-2.40657164e-02]
 [-5.73938286e-02]
 [-5.73938286e-02]
 [-3.86774866e-02]
 [-3.86774866e-02]
 [-5.11987747e-02]
 [-1.59917107e-01]
 [-9.68947149e-02]
 [-6.93588970e-02]
 [-6.93588970e-02]
 [-5.04034999e-02]
 [-5.04034999e-02]
 [-4.92858244e-02]
 [-4.92858244e-02]
 [-3.09052181e-02]
 [-3.09052181e-02]
 [-5.29360844e-02]
 [-5.29360844e-02]
 [-5.29360844e-02]
 [-5.29360844e-02]
 [-7.07016399e-02]
 [-7.07016399e-02]
 [-6.67470777e-02]
 [-7.28717938e-02]
 [ 9.29213422e-03]
 [ 9.29213422e-03]
 [ 2.78385116e-02]
 [ 2.78385116e-02]
 [-6.07812334e-02]
 [-6.07812334e-02]
 [-6.83048176e-02]
 [-6.83048176e-02]
 [-7.32670762e-02]
 [-7.32670762e-02]
 [-6.18869004e-02]
 [-6.18869004e-02]
 [-2.40323559e-02]
 [-2.40323559e-02]
 [-7.16120254e-02]
 [-7.16120254e-02]
 [-7.32969310e-02]
 [-6.09567668e-02]
 [-6.09567668e-02]
 [-4.80136077e-02]
 [-4.80136077e-02]
 [-5.14685812e-02]
 [-5.02548251e-02]
 [-5.11987747e-02]
 [-1.59917107e-01]
 [-9.68947149e-02]
 [-7.28717938e-02]
 [ 2.85939996e-02]
 [ 2.85939996e-02]
 [-1.56931610e-02]
 [-1.56931610e-02]
 [ 1.10461325e-01]
 [ 1.10461325e-01]
 [-1.56931610e-02]
 [-1.56931610e-02]
 [ 1.10461325e-01]
 [ 1.10461325e-01]
 [-1.56931610e-02]
 [-1.56931610e-02]
 [ 1.10461325e-01]
 [ 1.10461325e-01]
 [-1.56931610e-02]
 [-1.56931610e-02]
 [ 1.10461325e-01]
 [ 1.10461325e-01]
 [-1.56931610e-02]
 [-1.56931610e-02]
 [ 1.10461325e-01]
 [ 1.10461325e-01]
 [ 1.10461325e-01]
 [ 1.10461325e-01]]


Antes do PCA
['SlogP', 'SMR', 'LabuteASA', 'TPSA', 'AMW', 'NumLipinskiHBA', 'NumLipinskiHBD', 'NumRotatableBonds'][[0.39086648 0.01868492 0.0111831  ... 0.02521008 0.         0.00872093]
 [0.43676751 0.02709661 0.01869479 ... 0.02521008 0.         0.00290698]
 [0.65629318 0.03591863 0.01969196 ... 0.00840336 0.         0.01453488]
 ...
 [0.59943044 0.08536362 0.07510464 ... 0.08403361 0.5        0.03197674]
 [0.59943044 0.08536362 0.07510464 ... 0.08403361 0.5        0.03197674]
 [0.59943044 0.08536362 0.07510464 ... 0.08403361 0.5        0.03197674]]



