######################## Base HostGuest_dataset reduction for dim 2


Atributos da base: ['SlogP', 'SMR', 'LabuteASA', 'TPSA', 'AMW', 'NumLipinskiHBA', 'NumLipinskiHBD', 'NumRotatableBonds']

Resultados PCA: [[ 0.19274879  0.39791139  0.40233213  0.3950298   0.40241228  0.40019307
   0.01464704  0.40532712]
 [-0.32829794  0.00299824  0.00402636  0.09842042  0.00465643  0.03018408
   0.93880146 -0.01509116]]

Variance PCA: [0.66341331 0.22152235]



Depois do PCA
[[-8.27303120e-02 -9.69861397e-02]
 [-6.72554378e-02 -1.11881892e-01]
 [-4.58733826e-02 -1.90258395e-01]
 [-3.42116954e-02 -1.57090886e-01]
 [-4.91279239e-02 -1.79772357e-01]
 [-4.89626042e-02 -1.10797124e-01]
 [-8.27303120e-02 -9.69861397e-02]
 [-6.72554378e-02 -1.11881892e-01]
 [-4.58733826e-02 -1.90258395e-01]
 [-3.42116954e-02 -1.57090886e-01]
 [-4.91279239e-02 -1.79772357e-01]
 [-4.89626042e-02 -1.10797124e-01]
 [-7.70972045e-02  4.73367128e-01]
 [-1.04918049e-01  5.01405282e-01]
 [-8.06285682e-02  9.44448841e-01]
 [-3.43953787e-03  2.95115781e-01]
 [ 9.61756679e-03 -1.14036713e-01]
 [-1.38827186e-02  1.58290796e-01]
 [ 8.82881263e-03 -2.24246699e-02]
 [ 9.20340490e-02 -3.01771464e-01]
 [-2.38456857e-03  1.18651739e-01]
 [ 8.58626238e-04 -1.94485510e-01]
 [-7.70972045e-02  4.73367128e-01]
 [-8.88047854e-02  1.55161804e-01]
 [-7.35111061e-02  2.66051479e-01]
 [-8.11480333e-02  4.77471970e-01]
 [-9.25253478e-02  4.85321507e-01]
 [-8.48884206e-02  2.73901015e-01]
 [-7.16280188e-02  1.38804560e-01]
 [-7.02271268e-02  1.34480430e-01]
 [-5.95203953e-02  1.22557644e-01]
 [-1.01985866e-01  3.16529306e-01]
 [-8.08713956e-02  1.50846618e-01]
 [-5.13658492e-02  1.19495255e-01]
 [-5.67808220e-02  1.27027453e-01]
 [-5.81207363e-02  2.50108257e-01]
 [-5.67878926e-02 -6.55025662e-02]
 [-4.75147039e-02 -7.49213079e-02]
 [-3.80721675e-02 -8.27153677e-02]
 [-3.89080125e-02 -8.54698709e-02]
 [-3.89080125e-02 -8.54698709e-02]
 [-5.08781734e-02 -7.36604358e-02]
 [-4.27860899e-02 -8.11662270e-02]
 [-6.15849049e-02 -6.17376495e-02]
 [-4.01714419e-02 -8.55832221e-02]
 [ 3.86054443e-02 -1.42438866e-01]
 [-3.75699121e-04  1.88292360e-02]
 [ 7.32415006e-02 -1.24318686e-01]
 [-3.34917702e-02  2.81588301e-02]
 [ 1.22897078e-03 -1.02328915e-01]
 [ 1.34160556e-01 -7.62788833e-02]
 [ 4.21798153e-02 -1.26280495e-01]
 [-2.97572722e-02 -1.54452600e-01]
 [ 5.98095760e-03 -1.86033742e-01]
 [-2.97572722e-02 -1.54452600e-01]
 [ 5.98095760e-03 -1.86033742e-01]
 [-3.87942281e-02 -1.02727659e-01]
 [-2.94409790e-02  2.24664945e-03]
 [-2.94409790e-02  2.24664945e-03]
 [-7.30095837e-02 -6.75057340e-02]
 [-4.49407170e-02 -8.58611943e-02]
 [-5.36568438e-02 -9.16113783e-02]
 [-1.30976170e-02  2.28494194e-01]
 [-5.64197725e-02 -5.69669782e-02]
 [ 2.33687937e+00 -5.49256914e-02]
 [ 2.35405842e+00 -7.06545172e-02]
 [ 2.38175529e+00 -7.54704302e-02]
 [ 2.33687937e+00 -5.49256914e-02]
 [ 2.35405842e+00 -7.06545172e-02]
 [ 2.38175529e+00 -7.54704302e-02]
 [-1.45179105e-02  5.39939528e-01]
 [-1.45179105e-02  5.39939528e-01]
 [-1.45179105e-02  5.39939528e-01]
 [-5.52205087e-02 -1.27674827e-01]
 [-5.52205087e-02 -1.27674827e-01]
 [-2.94409790e-02  2.24664945e-03]
 [-2.94409790e-02  2.24664945e-03]
 [-6.35524692e-02  4.72639258e-02]
 [-5.43030856e-02  1.42442883e-01]
 [-2.94409790e-02  2.24664945e-03]
 [-2.94409790e-02  2.24664945e-03]
 [-2.94409790e-02  2.24664945e-03]
 [-6.36563347e-02  3.74685747e-02]
 [-2.94409790e-02  2.24664945e-03]
 [-5.64197725e-02 -5.69669782e-02]
 [-6.36563347e-02  3.74685747e-02]
 [-5.81200390e-02 -6.11613651e-02]
 [-2.43501091e-02 -1.01901796e-01]
 [-6.36563347e-02  3.74685747e-02]
 [-6.10522275e-02 -5.17450417e-02]
 [-5.81200390e-02 -6.11613651e-02]
 [-5.85654647e-02 -6.66798706e-02]
 [-3.87942281e-02 -1.02727659e-01]
 [-2.43501091e-02 -1.01901796e-01]
 [-5.85654647e-02 -6.66798706e-02]
 [-5.81200390e-02 -6.11613651e-02]
 [-3.87942281e-02 -1.02727659e-01]
 [-5.51297037e-02 -8.74730387e-02]
 [-4.82573088e-02 -9.07648767e-02]
 [-5.51297037e-02 -8.74730387e-02]
 [-7.30095837e-02 -6.75057340e-02]
 [-4.49407170e-02 -8.58611943e-02]
 [-5.85654647e-02 -6.66798706e-02]
 [ 8.89192632e-03  4.98890988e-01]
 [-5.36568438e-02 -9.16113783e-02]
 [-5.51297037e-02 -8.74730387e-02]
 [-5.34745947e-02 -1.70828316e-01]
 [-6.44913881e-03 -5.20229245e-03]
 [ 5.43586919e-03 -1.71689484e-02]
 [ 1.73208772e-02 -2.91356044e-02]
 [ 2.92058852e-02 -4.11022603e-02]
 [-3.02191548e-02  1.87310195e-02]
 [-1.83341468e-02  6.76436350e-03]
 [-6.44913881e-03 -5.20229245e-03]
 [ 5.43586919e-03 -1.71689484e-02]
 [ 1.73208772e-02 -2.91356044e-02]
 [ 2.92058852e-02 -4.11022603e-02]
 [-2.74783486e-02 -1.08673915e-01]
 [-1.55933406e-02 -1.20640571e-01]
 [-8.40036625e-02 -5.30944888e-02]
 [-7.32969310e-02 -6.50172751e-02]
 [-6.25901995e-02 -7.69400614e-02]
 [-5.18834680e-02 -8.88628477e-02]
 [-4.31467927e-02 -1.92472154e-01]
 [-4.31467927e-02 -1.92472154e-01]
 [-4.37289219e-02 -9.19252367e-02]
 [-4.37289219e-02 -9.19252367e-02]
 [-8.40036625e-02 -5.30944888e-02]
 [-7.32969310e-02 -6.50172751e-02]
 [-6.25901995e-02 -7.69400614e-02]
 [-5.18834680e-02 -8.88628477e-02]
 [-4.31467927e-02 -1.92472154e-01]
 [-4.31467927e-02 -1.92472154e-01]
 [-4.37289219e-02 -9.19252367e-02]
 [-4.37289219e-02 -9.19252367e-02]
 [-8.40036625e-02 -5.30944888e-02]
 [-7.32969310e-02 -6.50172751e-02]
 [-6.25901995e-02 -7.69400614e-02]
 [-5.18834680e-02 -8.88628477e-02]
 [-4.31467927e-02 -1.92472154e-01]
 [-4.31467927e-02 -1.92472154e-01]
 [-4.37289219e-02 -9.19252367e-02]
 [-4.37289219e-02 -9.19252367e-02]
 [-8.40036625e-02 -5.30944888e-02]
 [-7.32969310e-02 -6.50172751e-02]
 [-6.25901995e-02 -7.69400614e-02]
 [-5.18834680e-02 -8.88628477e-02]
 [-4.31467927e-02 -1.92472154e-01]
 [-4.31467927e-02 -1.92472154e-01]
 [-4.37289219e-02 -9.19252367e-02]
 [-4.37289219e-02 -9.19252367e-02]
 [-8.40036625e-02 -5.30944888e-02]
 [-7.32969310e-02 -6.50172751e-02]
 [-6.25901995e-02 -7.69400614e-02]
 [-5.18834680e-02 -8.88628477e-02]
 [-4.31467927e-02 -1.92472154e-01]
 [-4.31467927e-02 -1.92472154e-01]
 [-4.37289219e-02 -9.19252367e-02]
 [-4.37289219e-02 -9.19252367e-02]
 [-8.40036625e-02 -5.30944888e-02]
 [-7.32969310e-02 -6.50172751e-02]
 [-6.25901995e-02 -7.69400614e-02]
 [-5.18834680e-02 -8.88628477e-02]
 [-4.31467927e-02 -1.92472154e-01]
 [-4.31467927e-02 -1.92472154e-01]
 [-4.37289219e-02 -9.19252367e-02]
 [-4.37289219e-02 -9.19252367e-02]
 [-4.31467927e-02 -1.92472154e-01]
 [-4.31467927e-02 -1.92472154e-01]
 [-4.37289219e-02 -9.19252367e-02]
 [-4.37289219e-02 -9.19252367e-02]
 [-7.58418284e-03 -2.04271220e-01]
 [ 1.61858332e-02 -2.28204532e-01]
 [ 3.99558492e-02 -2.52137844e-01]
 [ 1.61858332e-02 -2.28204532e-01]
 [ 3.99558492e-02 -2.52137844e-01]
 [-2.77147315e-02 -2.05777750e-01]
 [-2.77147315e-02 -2.05777750e-01]
 [-2.77147315e-02 -2.05777750e-01]
 [ 1.98253005e-02 -2.53644374e-01]
 [ 1.98253005e-02 -2.53644374e-01]
 [ 1.98253005e-02 -2.53644374e-01]
 [ 1.98253005e-02 -2.53644374e-01]
 [ 1.98253005e-02 -2.53644374e-01]
 [ 1.98253005e-02 -2.53644374e-01]
 [-2.56258592e-02 -8.43868463e-03]
 [-3.98380552e-02 -9.19916942e-02]
 [-2.56258592e-02 -8.43868463e-03]
 [-3.98380552e-02 -9.19916942e-02]
 [-2.56258592e-02 -8.43868463e-03]
 [-3.98380552e-02 -9.19916942e-02]
 [ 5.68209155e-02  2.28689064e-01]
 [ 5.68209155e-02  2.28689064e-01]
 [ 5.68209155e-02  2.28689064e-01]
 [ 5.68209155e-02  2.28689064e-01]
 [ 5.68209155e-02  2.28689064e-01]
 [ 5.68209155e-02  2.28689064e-01]
 [ 5.68209155e-02  2.28689064e-01]
 [ 5.68209155e-02  2.28689064e-01]
 [ 6.61741646e-02  3.33663373e-01]
 [ 6.61741646e-02  3.33663373e-01]
 [ 6.61741646e-02  3.33663373e-01]
 [ 6.61741646e-02  3.33663373e-01]
 [ 4.80906116e-02  1.00176571e-01]
 [ 4.80906116e-02  1.00176571e-01]
 [ 3.87373625e-02 -4.79773763e-03]
 [ 3.87373625e-02 -4.79773763e-03]
 [ 5.06223705e-02 -1.67643936e-02]
 [ 5.06223705e-02 -1.67643936e-02]
 [ 5.62946963e-02  1.19289931e-01]
 [ 5.62946963e-02  1.19289931e-01]
 [ 7.38520302e-02  2.43377601e-01]
 [ 6.74433515e-02  7.60709268e-02]
 [ 6.74433515e-02  7.60709268e-02]
 [ 8.50006853e-02  2.00158596e-01]
 [ 8.50006853e-02  2.00158596e-01]
 [ 1.02558019e-01  3.24246265e-01]
 [ 6.69659483e-02  1.07416140e-01]
 [ 6.69659483e-02  1.07416140e-01]
 [ 7.63191973e-02  2.12390449e-01]
 [ 7.63191973e-02  2.12390449e-01]
 [ 9.56719373e-02  1.88284805e-01]
 [ 9.56719373e-02  1.88284805e-01]
 [ 8.69430398e-02  8.79436930e-02]
 [ 8.69430398e-02  8.79436930e-02]
 [ 7.63822806e-02 -2.04212907e-03]
 [ 7.63822806e-02 -2.04212907e-03]
 [ 7.63822806e-02 -2.04212907e-03]
 [ 7.63822806e-02 -2.04212907e-03]
 [-8.69033886e-02 -4.88406354e-02]
 [-8.69033886e-02 -4.88406354e-02]
 [-8.69033886e-02 -4.88406354e-02]
 [-8.69033886e-02 -4.88406354e-02]
 [-7.50183806e-02 -6.08072913e-02]
 [-7.50183806e-02 -6.08072913e-02]
 [-6.31333726e-02 -7.27739473e-02]
 [-6.31333726e-02 -7.27739473e-02]
 [-7.53775444e-02 -1.26542147e-01]
 [-7.53775444e-02 -1.26542147e-01]
 [-7.53775444e-02 -1.26542147e-01]
 [-7.53775444e-02 -1.26542147e-01]
 [-7.07702998e-02  1.38646544e-01]
 [-7.07702998e-02  1.38646544e-01]
 [-5.16075284e-02 -1.50475459e-01]
 [-5.16075284e-02 -1.50475459e-01]
 [-5.16075284e-02 -1.50475459e-01]
 [-5.16075284e-02 -1.50475459e-01]
 [-8.40036625e-02 -5.30944888e-02]
 [-8.40036625e-02 -5.30944888e-02]
 [-7.32969310e-02 -6.50172751e-02]
 [-7.32969310e-02 -6.50172751e-02]
 [-7.32969310e-02 -6.50172751e-02]
 [-7.32969310e-02 -6.50172751e-02]
 [-6.25901995e-02 -7.69400614e-02]
 [-6.25901995e-02 -7.69400614e-02]
 [-5.37966868e-02 -1.09354731e-01]
 [-5.37966868e-02 -1.09354731e-01]
 [-2.40657164e-02 -1.41404280e-01]
 [-2.40657164e-02 -1.41404280e-01]
 [-5.02548251e-02  1.25199270e-01]
 [-5.02548251e-02  1.25199270e-01]
 [-5.14685812e-02  1.25292134e-01]
 [-5.14685812e-02  1.25292134e-01]
 [-7.28717938e-02 -1.27645003e-01]
 [-7.28717938e-02 -1.27645003e-01]
 [-6.67470777e-02 -1.28022765e-01]
 [-6.67470777e-02 -1.28022765e-01]
 [-5.73938286e-02 -2.30484563e-02]
 [-5.73938286e-02 -2.30484563e-02]
 [-5.73938286e-02 -2.30484563e-02]
 [-5.73938286e-02 -2.30484563e-02]
 [-7.40248411e-02  1.49132582e-01]
 [-7.40248411e-02  1.49132582e-01]
 [-6.46715921e-02  2.54106890e-01]
 [-6.46715921e-02  2.54106890e-01]
 [-5.04034999e-02 -3.84223114e-03]
 [-5.04034999e-02 -3.84223114e-03]
 [-5.04034999e-02 -3.84223114e-03]
 [-5.04034999e-02 -3.84223114e-03]
 [-5.04034999e-02 -3.84223114e-03]
 [-5.04034999e-02 -3.84223114e-03]
 [-4.10502508e-02  1.01132078e-01]
 [-4.10502508e-02  1.01132078e-01]
 [-6.83048176e-02 -1.08529871e-02]
 [-6.83048176e-02 -1.08529871e-02]
 [-6.09567668e-02  1.26930769e-01]
 [-6.09567668e-02  1.26930769e-01]
 [-7.32670762e-02 -4.50145112e-03]
 [-7.32670762e-02 -4.50145112e-03]
 [-7.28717938e-02 -1.27645003e-01]
 [-7.28717938e-02 -1.27645003e-01]
 [-8.21449825e-02 -1.18226261e-01]
 [-8.21449825e-02 -1.18226261e-01]
 [-8.21449825e-02 -1.18226261e-01]
 [-8.21449825e-02 -1.18226261e-01]
 [-8.26553078e-02  1.50613200e-01]
 [-8.26553078e-02  1.50613200e-01]
 [-8.26553078e-02  1.50613200e-01]
 [-8.26553078e-02  1.50613200e-01]
 [-7.07702998e-02  1.38646544e-01]
 [-7.07702998e-02  1.38646544e-01]
 [-7.07702998e-02  1.38646544e-01]
 [-7.07702998e-02  1.38646544e-01]
 [-5.88852918e-02  1.26679888e-01]
 [-5.88852918e-02  1.26679888e-01]
 [-5.88852918e-02  1.26679888e-01]
 [-5.88852918e-02  1.26679888e-01]
 [-4.70002838e-02  1.14713232e-01]
 [-4.70002838e-02  1.14713232e-01]
 [-4.70002838e-02  1.14713232e-01]
 [-4.70002838e-02  1.14713232e-01]
 [-7.53775444e-02 -1.26542147e-01]
 [-7.53775444e-02 -1.26542147e-01]
 [-7.53775444e-02 -1.26542147e-01]
 [-7.53775444e-02 -1.26542147e-01]
 [-6.34925364e-02 -1.38508803e-01]
 [-6.34925364e-02 -1.38508803e-01]
 [-6.34925364e-02 -1.38508803e-01]
 [-6.34925364e-02 -1.38508803e-01]
 [-7.40248411e-02  1.49132582e-01]
 [-7.40248411e-02  1.49132582e-01]
 [-7.40248411e-02  1.49132582e-01]
 [-6.46715921e-02  2.54106890e-01]
 [-6.46715921e-02  2.54106890e-01]
 [-6.46715921e-02  2.54106890e-01]
 [-6.46715921e-02  2.54106890e-01]
 [-6.67470777e-02 -1.28022765e-01]
 [-6.67470777e-02 -1.28022765e-01]
 [-6.67470777e-02 -1.28022765e-01]
 [-6.67470777e-02 -1.28022765e-01]
 [-5.73938286e-02 -2.30484563e-02]
 [-5.73938286e-02 -2.30484563e-02]
 [-5.73938286e-02 -2.30484563e-02]
 [-5.73938286e-02 -2.30484563e-02]
 [-5.73938286e-02 -2.30484563e-02]
 [-5.73938286e-02 -2.30484563e-02]
 [-5.73938286e-02 -2.30484563e-02]
 [-5.73938286e-02 -2.30484563e-02]
 [-5.29360844e-02 -1.45184003e-01]
 [-5.29360844e-02 -1.45184003e-01]
 [-5.29360844e-02 -1.45184003e-01]
 [-5.29360844e-02 -1.45184003e-01]
 [-7.32969310e-02 -6.50172751e-02]
 [-7.32969310e-02 -6.50172751e-02]
 [-7.32969310e-02 -6.50172751e-02]
 [-7.32969310e-02 -6.50172751e-02]
 [-6.52048475e-02 -7.25230664e-02]
 [-6.52048475e-02 -7.25230664e-02]
 [-6.52048475e-02 -7.25230664e-02]
 [-6.52048475e-02 -7.25230664e-02]
 [-2.16975109e-02  7.70264333e-02]
 [-2.16975109e-02  7.70264333e-02]
 [-4.10502508e-02  1.01132078e-01]
 [-4.10502508e-02  1.01132078e-01]
 [-5.37966868e-02 -1.09354731e-01]
 [-5.37966868e-02 -1.09354731e-01]
 [-2.40657164e-02 -1.41404280e-01]
 [-2.40657164e-02 -1.41404280e-01]
 [-5.73938286e-02 -2.30484563e-02]
 [-5.73938286e-02 -2.30484563e-02]
 [-3.86774866e-02 -1.41268045e-01]
 [-3.86774866e-02 -1.41268045e-01]
 [-5.11987747e-02 -2.24437925e-01]
 [-1.59917107e-01  3.41237334e-02]
 [-9.68947149e-02 -1.38810288e-01]
 [-6.93588970e-02 -1.25474851e-01]
 [-6.93588970e-02 -1.25474851e-01]
 [-5.04034999e-02 -3.84223114e-03]
 [-5.04034999e-02 -3.84223114e-03]
 [-4.92858244e-02 -7.82392882e-03]
 [-4.92858244e-02 -7.82392882e-03]
 [-3.09052181e-02 -2.01408462e-02]
 [-3.09052181e-02 -2.01408462e-02]
 [-5.29360844e-02 -1.45184003e-01]
 [-5.29360844e-02 -1.45184003e-01]
 [-5.29360844e-02 -1.45184003e-01]
 [-5.29360844e-02 -1.45184003e-01]
 [-7.07016399e-02 -5.24965627e-04]
 [-7.07016399e-02 -5.24965627e-04]
 [-6.67470777e-02 -1.28022765e-01]
 [-7.28717938e-02 -1.27645003e-01]
 [ 9.29213422e-03 -7.41553305e-02]
 [ 9.29213422e-03 -7.41553305e-02]
 [ 2.78385116e-02 -9.29928138e-02]
 [ 2.78385116e-02 -9.29928138e-02]
 [-6.07812334e-02  3.34983195e-01]
 [-6.07812334e-02  3.34983195e-01]
 [-6.83048176e-02 -1.08529871e-02]
 [-6.83048176e-02 -1.08529871e-02]
 [-7.32670762e-02 -4.50145112e-03]
 [-7.32670762e-02 -4.50145112e-03]
 [-6.18869004e-02 -1.19412528e-01]
 [-6.18869004e-02 -1.19412528e-01]
 [-2.40323559e-02 -5.26277502e-02]
 [-2.40323559e-02 -5.26277502e-02]
 [-7.16120254e-02 -5.58036280e-02]
 [-7.16120254e-02 -5.58036280e-02]
 [-7.32969310e-02 -6.50172751e-02]
 [-6.09567668e-02  1.26930769e-01]
 [-6.09567668e-02  1.26930769e-01]
 [-4.80136077e-02 -4.93052725e-02]
 [-4.80136077e-02 -4.93052725e-02]
 [-5.14685812e-02  1.25292134e-01]
 [-5.02548251e-02  1.25199270e-01]
 [-5.11987747e-02 -2.24437925e-01]
 [-1.59917107e-01  3.41237334e-02]
 [-9.68947149e-02 -1.38810288e-01]
 [-7.28717938e-02 -1.27645003e-01]
 [ 2.85939996e-02  1.35009967e-01]
 [ 2.85939996e-02  1.35009967e-01]
 [-1.56931610e-02  1.53855772e-01]
 [-1.56931610e-02  1.53855772e-01]
 [ 1.10461325e-01  3.14817567e-01]
 [ 1.10461325e-01  3.14817567e-01]
 [-1.56931610e-02  1.53855772e-01]
 [-1.56931610e-02  1.53855772e-01]
 [ 1.10461325e-01  3.14817567e-01]
 [ 1.10461325e-01  3.14817567e-01]
 [-1.56931610e-02  1.53855772e-01]
 [-1.56931610e-02  1.53855772e-01]
 [ 1.10461325e-01  3.14817567e-01]
 [ 1.10461325e-01  3.14817567e-01]
 [-1.56931610e-02  1.53855772e-01]
 [-1.56931610e-02  1.53855772e-01]
 [ 1.10461325e-01  3.14817567e-01]
 [ 1.10461325e-01  3.14817567e-01]
 [-1.56931610e-02  1.53855772e-01]
 [-1.56931610e-02  1.53855772e-01]
 [ 1.10461325e-01  3.14817567e-01]
 [ 1.10461325e-01  3.14817567e-01]
 [ 1.10461325e-01  3.14817567e-01]
 [ 1.10461325e-01  3.14817567e-01]]


Antes do PCA
['SlogP', 'SMR', 'LabuteASA', 'TPSA', 'AMW', 'NumLipinskiHBA', 'NumLipinskiHBD', 'NumRotatableBonds'][[0.39086648 0.01868492 0.0111831  ... 0.02521008 0.         0.00872093]
 [0.43676751 0.02709661 0.01869479 ... 0.02521008 0.         0.00290698]
 [0.65629318 0.03591863 0.01969196 ... 0.00840336 0.         0.01453488]
 ...
 [0.59943044 0.08536362 0.07510464 ... 0.08403361 0.5        0.03197674]
 [0.59943044 0.08536362 0.07510464 ... 0.08403361 0.5        0.03197674]
 [0.59943044 0.08536362 0.07510464 ... 0.08403361 0.5        0.03197674]]



