######################## Base HostGuest_dataset reduction for dim 2


Atributos da base: ['HOST_SlogP', 'HOST_SMR', 'HOST_LabuteASA', 'HOST_TPSA', 'HOST_AMW', 'HOST_NumLipinskiHBA', 'HOST_NumLipinskiHBD', 'HOST_NumRotatableBonds']

Resultados PCA: [[ 0.45603647  0.43785107  0.4443572   0.27280201  0.40406509  0.15652222
   0.24833155  0.28108106]
 [-0.3344612   0.32731081  0.27395455 -0.37831936  0.16999458  0.09016422
  -0.67390808  0.26766932]]

Variance PCA: [0.47519208 0.30608237]



Depois do PCA
[[ 0.80847192  0.58933628]
 [ 0.80847192  0.58933628]
 [ 0.80847192  0.58933628]
 [ 0.80847192  0.58933628]
 [ 0.80847192  0.58933628]
 [ 0.80847192  0.58933628]
 [ 0.93439093  0.61132572]
 [ 0.93439093  0.61132572]
 [ 0.93439093  0.61132572]
 [ 0.93439093  0.61132572]
 [ 0.93439093  0.61132572]
 [ 0.93439093  0.61132572]
 [-0.07970156  0.60811878]
 [-0.07970156  0.60811878]
 [-0.07970156  0.60811878]
 [-0.07970156  0.60811878]
 [-0.07970156  0.60811878]
 [-0.07970156  0.60811878]
 [-0.07970156  0.60811878]
 [-0.07970156  0.60811878]
 [-0.07970156  0.60811878]
 [-0.07970156  0.60811878]
 [-0.34542721  0.31983024]
 [-0.34542721  0.31983024]
 [-0.34542721  0.31983024]
 [-0.34542721  0.31983024]
 [-0.34542721  0.31983024]
 [-0.34542721  0.31983024]
 [-0.34542721  0.31983024]
 [-0.34542721  0.31983024]
 [-0.34542721  0.31983024]
 [-0.34542721  0.31983024]
 [-0.34542721  0.31983024]
 [-0.34542721  0.31983024]
 [-0.34542721  0.31983024]
 [-0.34542721  0.31983024]
 [ 0.80847192  0.58933628]
 [ 0.80847192  0.58933628]
 [ 0.80847192  0.58933628]
 [ 0.80847192  0.58933628]
 [ 0.80847192  0.58933628]
 [ 0.80847192  0.58933628]
 [ 0.80847192  0.58933628]
 [ 0.80847192  0.58933628]
 [ 0.80847192  0.58933628]
 [-0.25218656  0.43606832]
 [-0.25218656  0.43606832]
 [-0.25218656  0.43606832]
 [-0.25218656  0.43606832]
 [-0.25218656  0.43606832]
 [-0.25218656  0.43606832]
 [-0.25218656  0.43606832]
 [-0.34542721  0.31983024]
 [-0.34542721  0.31983024]
 [-0.16600669  0.38985833]
 [-0.16600669  0.38985833]
 [-0.16600669  0.38985833]
 [-0.16600669  0.38985833]
 [-0.16600669  0.38985833]
 [-0.16600669  0.38985833]
 [-0.16600669  0.38985833]
 [-0.16600669  0.38985833]
 [-0.16600669  0.38985833]
 [-0.16600669  0.38985833]
 [-0.16600669  0.38985833]
 [-0.16600669  0.38985833]
 [-0.16600669  0.38985833]
 [-0.16600669  0.38985833]
 [-0.16600669  0.38985833]
 [-0.16600669  0.38985833]
 [-0.16600669  0.38985833]
 [-0.16600669  0.38985833]
 [-0.16600669  0.38985833]
 [-0.16600669  0.38985833]
 [-0.34542721  0.31983024]
 [-0.16600669  0.38985833]
 [-0.16600669  0.38985833]
 [-0.16600669  0.38985833]
 [-0.16600669  0.38985833]
 [-0.16600669  0.38985833]
 [-0.16600669  0.38985833]
 [-0.16600669  0.38985833]
 [-0.16600669  0.38985833]
 [-0.16600669  0.38985833]
 [-0.16600669  0.38985833]
 [-0.16600669  0.38985833]
 [-0.16600669  0.38985833]
 [-0.16600669  0.38985833]
 [-0.16600669  0.38985833]
 [-0.16600669  0.38985833]
 [-0.16600669  0.38985833]
 [-0.16600669  0.38985833]
 [-0.16600669  0.38985833]
 [-0.16600669  0.38985833]
 [-0.16600669  0.38985833]
 [-0.16600669  0.38985833]
 [-0.16600669  0.38985833]
 [-0.16600669  0.38985833]
 [-0.16600669  0.38985833]
 [-0.16600669  0.38985833]
 [-0.16600669  0.38985833]
 [-0.16600669  0.38985833]
 [-0.16600669  0.38985833]
 [-0.16600669  0.38985833]
 [-0.16600669  0.38985833]
 [-0.16600669  0.38985833]
 [-0.16600669  0.38985833]
 [ 1.52720629 -0.36745346]
 [ 1.52720629 -0.36745346]
 [ 1.52720629 -0.36745346]
 [ 1.52720629 -0.36745346]
 [ 1.30436202 -0.28149266]
 [ 1.30436202 -0.28149266]
 [ 1.30436202 -0.28149266]
 [ 1.30436202 -0.28149266]
 [ 1.30436202 -0.28149266]
 [ 1.30436202 -0.28149266]
 [ 1.30436202 -0.28149266]
 [ 1.30436202 -0.28149266]
 [-0.07232173 -0.15349003]
 [-0.07232173 -0.15349003]
 [-0.07232173 -0.15349003]
 [-0.07232173 -0.15349003]
 [-0.07232173 -0.15349003]
 [-0.07232173 -0.15349003]
 [-0.07232173 -0.15349003]
 [-0.07232173 -0.15349003]
 [-0.04299268 -0.02585313]
 [-0.04299268 -0.02585313]
 [-0.04299268 -0.02585313]
 [-0.04299268 -0.02585313]
 [-0.04299268 -0.02585313]
 [-0.04299268 -0.02585313]
 [-0.04299268 -0.02585313]
 [-0.04299268 -0.02585313]
 [ 0.00428339 -0.01083098]
 [ 0.00428339 -0.01083098]
 [ 0.00428339 -0.01083098]
 [ 0.00428339 -0.01083098]
 [ 0.00428339 -0.01083098]
 [ 0.00428339 -0.01083098]
 [ 0.00428339 -0.01083098]
 [ 0.00428339 -0.01083098]
 [ 0.02765875 -0.01431422]
 [ 0.02765875 -0.01431422]
 [ 0.02765875 -0.01431422]
 [ 0.02765875 -0.01431422]
 [ 0.02765875 -0.01431422]
 [ 0.02765875 -0.01431422]
 [ 0.02765875 -0.01431422]
 [ 0.02765875 -0.01431422]
 [-0.02048982  0.00656819]
 [-0.02048982  0.00656819]
 [-0.02048982  0.00656819]
 [-0.02048982  0.00656819]
 [-0.02048982  0.00656819]
 [-0.02048982  0.00656819]
 [-0.02048982  0.00656819]
 [-0.02048982  0.00656819]
 [-0.03518511 -0.00363603]
 [-0.03518511 -0.00363603]
 [-0.03518511 -0.00363603]
 [-0.03518511 -0.00363603]
 [-0.03518511 -0.00363603]
 [-0.03518511 -0.00363603]
 [-0.03518511 -0.00363603]
 [-0.03518511 -0.00363603]
 [ 0.02667587 -0.05658856]
 [ 0.02667587 -0.05658856]
 [ 0.02667587 -0.05658856]
 [ 0.02667587 -0.05658856]
 [-0.30030324 -0.08862303]
 [-0.30030324 -0.08862303]
 [-0.30030324 -0.08862303]
 [-0.07232173 -0.15349003]
 [-0.07232173 -0.15349003]
 [-0.07232173 -0.15349003]
 [-0.03065839 -0.22181048]
 [ 0.03586041 -0.03999444]
 [-0.07232173 -0.15349003]
 [-0.03065839 -0.22181048]
 [ 0.03586041 -0.03999444]
 [ 0.03586041 -0.03999444]
 [ 0.03586041 -0.03999444]
 [ 0.03586041 -0.03999444]
 [-0.07232173 -0.15349003]
 [-0.07232173 -0.15349003]
 [-0.03065839 -0.22181048]
 [-0.03065839 -0.22181048]
 [-0.05807942 -0.18056377]
 [-0.05807942 -0.18056377]
 [ 0.19071389 -0.22834887]
 [ 0.19071389 -0.22834887]
 [ 0.19071389 -0.22834887]
 [ 0.19071389 -0.22834887]
 [ 0.19071389 -0.22834887]
 [ 0.19071389 -0.22834887]
 [ 0.19071389 -0.22834887]
 [ 0.19071389 -0.22834887]
 [ 0.19071389 -0.22834887]
 [ 0.19071389 -0.22834887]
 [ 0.19071389 -0.22834887]
 [ 0.19071389 -0.22834887]
 [ 0.19071389 -0.22834887]
 [ 0.19071389 -0.22834887]
 [ 0.19071389 -0.22834887]
 [ 0.19071389 -0.22834887]
 [ 0.19071389 -0.22834887]
 [ 0.19071389 -0.22834887]
 [ 0.19071389 -0.22834887]
 [ 0.19071389 -0.22834887]
 [ 0.19071389 -0.22834887]
 [ 0.19071389 -0.22834887]
 [ 0.19071389 -0.22834887]
 [ 0.19071389 -0.22834887]
 [ 0.19071389 -0.22834887]
 [ 0.19071389 -0.22834887]
 [ 0.19071389 -0.22834887]
 [ 0.19071389 -0.22834887]
 [ 0.19071389 -0.22834887]
 [ 0.19071389 -0.22834887]
 [ 0.19071389 -0.22834887]
 [ 0.19071389 -0.22834887]
 [ 0.19071389 -0.22834887]
 [ 0.19071389 -0.22834887]
 [ 0.19071389 -0.22834887]
 [ 0.19071389 -0.22834887]
 [ 0.19071389 -0.22834887]
 [ 0.19071389 -0.22834887]
 [-0.30030324 -0.08862303]
 [-0.30030324 -0.08862303]
 [-0.30030324 -0.08862303]
 [-0.30030324 -0.08862303]
 [-0.30030324 -0.08862303]
 [-0.30030324 -0.08862303]
 [-0.30030324 -0.08862303]
 [-0.30030324 -0.08862303]
 [-0.30030324 -0.08862303]
 [-0.30030324 -0.08862303]
 [-0.30030324 -0.08862303]
 [-0.30030324 -0.08862303]
 [-0.30030324 -0.08862303]
 [-0.30030324 -0.08862303]
 [-0.30030324 -0.08862303]
 [-0.30030324 -0.08862303]
 [-0.30030324 -0.08862303]
 [-0.30030324 -0.08862303]
 [-0.07232173 -0.15349003]
 [-0.07232173 -0.15349003]
 [-0.07232173 -0.15349003]
 [-0.07232173 -0.15349003]
 [-0.07232173 -0.15349003]
 [-0.07232173 -0.15349003]
 [-0.07232173 -0.15349003]
 [-0.07232173 -0.15349003]
 [-0.07232173 -0.15349003]
 [-0.07232173 -0.15349003]
 [-0.07232173 -0.15349003]
 [-0.07232173 -0.15349003]
 [-0.07232173 -0.15349003]
 [-0.07232173 -0.15349003]
 [-0.07232173 -0.15349003]
 [-0.07232173 -0.15349003]
 [-0.07232173 -0.15349003]
 [-0.07232173 -0.15349003]
 [-0.07232173 -0.15349003]
 [-0.07232173 -0.15349003]
 [-0.07232173 -0.15349003]
 [-0.07232173 -0.15349003]
 [-0.07232173 -0.15349003]
 [-0.07232173 -0.15349003]
 [-0.07232173 -0.15349003]
 [-0.07232173 -0.15349003]
 [-0.07232173 -0.15349003]
 [-0.07232173 -0.15349003]
 [-0.07232173 -0.15349003]
 [-0.07232173 -0.15349003]
 [-0.07232173 -0.15349003]
 [-0.07232173 -0.15349003]
 [-0.07232173 -0.15349003]
 [-0.07232173 -0.15349003]
 [-0.07232173 -0.15349003]
 [-0.07232173 -0.15349003]
 [-0.07232173 -0.15349003]
 [-0.07232173 -0.15349003]
 [-0.07232173 -0.15349003]
 [-0.07232173 -0.15349003]
 [-0.03065839 -0.22181048]
 [-0.03065839 -0.22181048]
 [-0.03065839 -0.22181048]
 [-0.03065839 -0.22181048]
 [-0.03065839 -0.22181048]
 [-0.03065839 -0.22181048]
 [-0.03065839 -0.22181048]
 [-0.03065839 -0.22181048]
 [-0.30030324 -0.08862303]
 [-0.30030324 -0.08862303]
 [-0.30030324 -0.08862303]
 [-0.30030324 -0.08862303]
 [-0.30030324 -0.08862303]
 [-0.30030324 -0.08862303]
 [-0.30030324 -0.08862303]
 [-0.30030324 -0.08862303]
 [-0.30030324 -0.08862303]
 [-0.30030324 -0.08862303]
 [-0.30030324 -0.08862303]
 [-0.30030324 -0.08862303]
 [-0.30030324 -0.08862303]
 [-0.30030324 -0.08862303]
 [-0.30030324 -0.08862303]
 [-0.30030324 -0.08862303]
 [-0.30030324 -0.08862303]
 [-0.30030324 -0.08862303]
 [-0.30030324 -0.08862303]
 [-0.30030324 -0.08862303]
 [-0.30030324 -0.08862303]
 [-0.30030324 -0.08862303]
 [-0.30030324 -0.08862303]
 [-0.30030324 -0.08862303]
 [-0.07232173 -0.15349003]
 [-0.07232173 -0.15349003]
 [-0.07232173 -0.15349003]
 [-0.07232173 -0.15349003]
 [-0.07232173 -0.15349003]
 [-0.07232173 -0.15349003]
 [-0.07232173 -0.15349003]
 [-0.07232173 -0.15349003]
 [-0.07232173 -0.15349003]
 [-0.07232173 -0.15349003]
 [-0.07232173 -0.15349003]
 [-0.07232173 -0.15349003]
 [-0.07232173 -0.15349003]
 [-0.07232173 -0.15349003]
 [-0.07232173 -0.15349003]
 [-0.07232173 -0.15349003]
 [-0.07232173 -0.15349003]
 [-0.07232173 -0.15349003]
 [-0.07232173 -0.15349003]
 [-0.07232173 -0.15349003]
 [-0.07232173 -0.15349003]
 [-0.07232173 -0.15349003]
 [-0.07232173 -0.15349003]
 [-0.07232173 -0.15349003]
 [-0.07232173 -0.15349003]
 [-0.07232173 -0.15349003]
 [-0.07232173 -0.15349003]
 [-0.07232173 -0.15349003]
 [-0.07232173 -0.15349003]
 [-0.07232173 -0.15349003]
 [-0.07232173 -0.15349003]
 [-0.03065839 -0.22181048]
 [-0.03065839 -0.22181048]
 [-0.03065839 -0.22181048]
 [-0.03065839 -0.22181048]
 [-0.03065839 -0.22181048]
 [-0.03065839 -0.22181048]
 [-0.03065839 -0.22181048]
 [-0.03065839 -0.22181048]
 [-0.03065839 -0.22181048]
 [-0.03065839 -0.22181048]
 [-0.03065839 -0.22181048]
 [-0.03065839 -0.22181048]
 [-0.03065839 -0.22181048]
 [-0.03065839 -0.22181048]
 [-0.03065839 -0.22181048]
 [-0.03065839 -0.22181048]
 [-0.03065839 -0.22181048]
 [-0.03065839 -0.22181048]
 [-0.03065839 -0.22181048]
 [-0.03065839 -0.22181048]
 [-0.03065839 -0.22181048]
 [-0.03065839 -0.22181048]
 [-0.03065839 -0.22181048]
 [-0.03065839 -0.22181048]
 [-0.03065839 -0.22181048]
 [-0.03065839 -0.22181048]
 [-0.03065839 -0.22181048]
 [-0.03065839 -0.22181048]
 [-0.03065839 -0.22181048]
 [-0.03065839 -0.22181048]
 [-0.03065839 -0.22181048]
 [-0.03065839 -0.22181048]
 [-0.03065839 -0.22181048]
 [-0.03065839 -0.22181048]
 [-0.03065839 -0.22181048]
 [-0.03065839 -0.22181048]
 [-0.03065839 -0.22181048]
 [-0.03065839 -0.22181048]
 [-0.03065839 -0.22181048]
 [-0.03065839 -0.22181048]
 [-0.03065839 -0.22181048]
 [-0.03065839 -0.22181048]
 [-0.03065839 -0.22181048]
 [-0.03065839 -0.22181048]
 [-0.03065839 -0.22181048]
 [-0.03065839 -0.22181048]
 [-0.03065839 -0.22181048]
 [-0.03065839 -0.22181048]
 [-0.03065839 -0.22181048]
 [-0.03065839 -0.22181048]
 [-0.03065839 -0.22181048]
 [-0.03065839 -0.22181048]
 [-0.03065839 -0.22181048]
 [-0.03065839 -0.22181048]
 [-0.07232173 -0.15349003]
 [-0.07232173 -0.15349003]
 [-0.07232173 -0.15349003]
 [-0.07232173 -0.15349003]
 [-0.30030324 -0.08862303]
 [-0.30030324 -0.08862303]
 [-0.30030324 -0.08862303]
 [-0.30030324 -0.08862303]
 [-0.30030324 -0.08862303]
 [-0.30030324 -0.08862303]
 [-0.07232173 -0.15349003]
 [-0.07232173 -0.15349003]
 [-0.07232173 -0.15349003]
 [-0.07232173 -0.15349003]
 [-0.03416435  0.0091767 ]
 [-0.03416435  0.0091767 ]
 [-0.03416435  0.0091767 ]
 [-0.03416435  0.0091767 ]
 [-0.03416435  0.0091767 ]
 [-0.03416435  0.0091767 ]
 [-0.03416435  0.0091767 ]
 [-0.03416435  0.0091767 ]
 [-0.03416435  0.0091767 ]
 [-0.03416435  0.0091767 ]
 [-0.03416435  0.0091767 ]
 [-0.03416435  0.0091767 ]
 [ 0.19071389 -0.22834887]
 [ 0.19071389 -0.22834887]]


Antes do PCA
['HOST_SlogP', 'HOST_SMR', 'HOST_LabuteASA', 'HOST_TPSA', 'HOST_AMW', 'HOST_NumLipinskiHBA', 'HOST_NumLipinskiHBD', 'HOST_NumRotatableBonds']     HOST_SlogP  HOST_SMR  HOST_LabuteASA  HOST_TPSA  HOST_AMW  \
0      0.730216  0.918537        0.895728   0.240643  0.743407   
1      0.730216  0.918537        0.895728   0.240643  0.743407   
2      0.730216  0.918537        0.895728   0.240643  0.743407   
3      0.730216  0.918537        0.895728   0.240643  0.743407   
4      0.730216  0.918537        0.895728   0.240643  0.743407   
..          ...       ...             ...        ...       ...   
427    0.339209  0.325938        0.388726   0.318993  0.369416   
428    0.339209  0.325938        0.388726   0.318993  0.369416   
429    0.339209  0.325938        0.388726   0.318993  0.369416   
430    0.539449  0.328465        0.424330   0.484874  0.418151   
431    0.539449  0.328465        0.424330   0.484874  0.418151   

     HOST_NumLipinskiHBA  HOST_NumLipinskiHBD  HOST_NumRotatableBonds  
0               0.304400             0.055363                  0.6400  
1               0.304400             0.055363                  0.6400  
2               0.304400             0.055363                  0.6400  
3               0.304400             0.055363                  0.6400  
4               0.304400             0.055363                  0.6400  
..                   ...                  ...                     ...  
427             0.364150             0.312284                  0.2025  
428             0.364150             0.312284                  0.2025  
429             0.364150             0.312284                  0.2025  
430             0.475624             0.498270                  0.1600  
431             0.475624             0.498270                  0.1600  

[432 rows x 8 columns]



