######################## Base HostGuest_dataset reduction for dim 1


Atributos da base: ['HOST_SlogP', 'HOST_SMR', 'HOST_LabuteASA', 'HOST_TPSA', 'HOST_AMW', 'HOST_NumLipinskiHBA', 'HOST_NumLipinskiHBD', 'HOST_NumRotatableBonds']

Resultados PCA: [[ 0.32833426  0.50551142  0.51954636 -0.07124248  0.43687699  0.2436462
  -0.31444274  0.11203435]]

Variance PCA: [0.47163409]



Depois do PCA
[[ 1.21587064e+00]
 [ 1.21587064e+00]
 [ 1.21587064e+00]
 [ 1.21587064e+00]
 [ 1.21587064e+00]
 [ 1.21587064e+00]
 [ 1.31945800e+00]
 [ 1.31945800e+00]
 [ 1.31945800e+00]
 [ 1.31945800e+00]
 [ 1.31945800e+00]
 [ 1.31945800e+00]
 [ 3.11311975e-01]
 [ 3.11311975e-01]
 [ 3.11311975e-01]
 [ 3.11311975e-01]
 [ 3.11311975e-01]
 [ 3.11311975e-01]
 [ 3.11311975e-01]
 [ 3.11311975e-01]
 [ 3.11311975e-01]
 [ 3.11311975e-01]
 [ 1.56173823e-01]
 [ 1.56173823e-01]
 [ 1.56173823e-01]
 [ 1.56173823e-01]
 [ 1.56173823e-01]
 [ 1.56173823e-01]
 [ 1.56173823e-01]
 [ 1.56173823e-01]
 [ 1.56173823e-01]
 [ 1.56173823e-01]
 [ 1.56173823e-01]
 [ 1.56173823e-01]
 [ 1.56173823e-01]
 [ 1.56173823e-01]
 [ 1.21587064e+00]
 [ 1.21587064e+00]
 [ 1.21587064e+00]
 [ 1.21587064e+00]
 [ 1.21587064e+00]
 [ 1.21587064e+00]
 [ 1.21587064e+00]
 [ 1.21587064e+00]
 [ 1.21587064e+00]
 [ 2.32344652e-01]
 [ 2.32344652e-01]
 [ 2.32344652e-01]
 [ 2.32344652e-01]
 [ 2.32344652e-01]
 [ 2.32344652e-01]
 [ 2.32344652e-01]
 [ 1.56173823e-01]
 [ 1.56173823e-01]
 [ 4.20421012e-01]
 [ 4.20421012e-01]
 [ 4.20421012e-01]
 [ 4.20421012e-01]
 [ 4.20421012e-01]
 [ 4.20421012e-01]
 [ 4.20421012e-01]
 [ 4.20421012e-01]
 [ 4.20421012e-01]
 [ 4.20421012e-01]
 [ 4.20421012e-01]
 [ 4.20421012e-01]
 [ 4.20421012e-01]
 [ 4.20421012e-01]
 [ 4.20421012e-01]
 [ 4.20421012e-01]
 [ 4.20421012e-01]
 [ 4.20421012e-01]
 [ 4.20421012e-01]
 [ 4.20421012e-01]
 [ 1.56173823e-01]
 [ 4.20421012e-01]
 [ 4.20421012e-01]
 [ 4.20421012e-01]
 [ 4.20421012e-01]
 [ 4.20421012e-01]
 [ 4.20421012e-01]
 [ 4.20421012e-01]
 [ 4.20421012e-01]
 [ 4.20421012e-01]
 [ 4.20421012e-01]
 [ 4.20421012e-01]
 [ 4.20421012e-01]
 [ 4.20421012e-01]
 [ 4.20421012e-01]
 [ 4.20421012e-01]
 [ 4.20421012e-01]
 [ 4.20421012e-01]
 [ 4.20421012e-01]
 [ 4.20421012e-01]
 [ 4.20421012e-01]
 [ 4.20421012e-01]
 [ 4.20421012e-01]
 [ 4.20421012e-01]
 [ 4.20421012e-01]
 [ 4.20421012e-01]
 [ 4.20421012e-01]
 [ 4.20421012e-01]
 [ 4.20421012e-01]
 [ 4.20421012e-01]
 [ 4.20421012e-01]
 [ 4.20421012e-01]
 [ 4.20421012e-01]
 [ 8.84565893e-01]
 [ 8.84565893e-01]
 [ 8.84565893e-01]
 [ 8.84565893e-01]
 [ 9.15839250e-01]
 [ 9.15839250e-01]
 [ 9.15839250e-01]
 [ 9.15839250e-01]
 [ 9.15839250e-01]
 [ 9.15839250e-01]
 [ 9.15839250e-01]
 [ 9.15839250e-01]
 [-2.40571249e-01]
 [-2.40571249e-01]
 [-2.40571249e-01]
 [-2.40571249e-01]
 [-2.40571249e-01]
 [-2.40571249e-01]
 [-2.40571249e-01]
 [-2.40571249e-01]
 [-7.57891720e-02]
 [-7.57891720e-02]
 [-7.57891720e-02]
 [-7.57891720e-02]
 [-7.57891720e-02]
 [-7.57891720e-02]
 [-7.57891720e-02]
 [-7.57891720e-02]
 [-2.91313826e-02]
 [-2.91313826e-02]
 [-2.91313826e-02]
 [-2.91313826e-02]
 [-2.91313826e-02]
 [-2.91313826e-02]
 [-2.91313826e-02]
 [-2.91313826e-02]
 [-2.34445505e-04]
 [-2.34445505e-04]
 [-2.34445505e-04]
 [-2.34445505e-04]
 [-2.34445505e-04]
 [-2.34445505e-04]
 [-2.34445505e-04]
 [-2.34445505e-04]
 [-3.36959038e-03]
 [-3.36959038e-03]
 [-3.36959038e-03]
 [-3.36959038e-03]
 [-3.36959038e-03]
 [-3.36959038e-03]
 [-3.36959038e-03]
 [-3.36959038e-03]
 [-3.29578677e-02]
 [-3.29578677e-02]
 [-3.29578677e-02]
 [-3.29578677e-02]
 [-3.29578677e-02]
 [-3.29578677e-02]
 [-3.29578677e-02]
 [-3.29578677e-02]
 [-2.54926600e-02]
 [-2.54926600e-02]
 [-2.54926600e-02]
 [-2.54926600e-02]
 [-4.48140571e-01]
 [-4.48140571e-01]
 [-4.48140571e-01]
 [-2.40571249e-01]
 [-2.40571249e-01]
 [-2.40571249e-01]
 [-2.63389548e-01]
 [-1.73447359e-02]
 [-2.40571249e-01]
 [-2.63389548e-01]
 [-1.73447359e-02]
 [-1.73447359e-02]
 [-1.73447359e-02]
 [-1.73447359e-02]
 [-2.40571249e-01]
 [-2.40571249e-01]
 [-2.63389548e-01]
 [-2.63389548e-01]
 [-2.46630823e-01]
 [-2.46630823e-01]
 [-3.30019263e-02]
 [-3.30019263e-02]
 [-3.30019263e-02]
 [-3.30019263e-02]
 [-3.30019263e-02]
 [-3.30019263e-02]
 [-3.30019263e-02]
 [-3.30019263e-02]
 [-3.30019263e-02]
 [-3.30019263e-02]
 [-3.30019263e-02]
 [-3.30019263e-02]
 [-3.30019263e-02]
 [-3.30019263e-02]
 [-3.30019263e-02]
 [-3.30019263e-02]
 [-3.30019263e-02]
 [-3.30019263e-02]
 [-3.30019263e-02]
 [-3.30019263e-02]
 [-3.30019263e-02]
 [-3.30019263e-02]
 [-3.30019263e-02]
 [-3.30019263e-02]
 [-3.30019263e-02]
 [-3.30019263e-02]
 [-3.30019263e-02]
 [-3.30019263e-02]
 [-3.30019263e-02]
 [-3.30019263e-02]
 [-3.30019263e-02]
 [-3.30019263e-02]
 [-3.30019263e-02]
 [-3.30019263e-02]
 [-3.30019263e-02]
 [-3.30019263e-02]
 [-3.30019263e-02]
 [-3.30019263e-02]
 [-4.48140571e-01]
 [-4.48140571e-01]
 [-4.48140571e-01]
 [-4.48140571e-01]
 [-4.48140571e-01]
 [-4.48140571e-01]
 [-4.48140571e-01]
 [-4.48140571e-01]
 [-4.48140571e-01]
 [-4.48140571e-01]
 [-4.48140571e-01]
 [-4.48140571e-01]
 [-4.48140571e-01]
 [-4.48140571e-01]
 [-4.48140571e-01]
 [-4.48140571e-01]
 [-4.48140571e-01]
 [-4.48140571e-01]
 [-2.40571249e-01]
 [-2.40571249e-01]
 [-2.40571249e-01]
 [-2.40571249e-01]
 [-2.40571249e-01]
 [-2.40571249e-01]
 [-2.40571249e-01]
 [-2.40571249e-01]
 [-2.40571249e-01]
 [-2.40571249e-01]
 [-2.40571249e-01]
 [-2.40571249e-01]
 [-2.40571249e-01]
 [-2.40571249e-01]
 [-2.40571249e-01]
 [-2.40571249e-01]
 [-2.40571249e-01]
 [-2.40571249e-01]
 [-2.40571249e-01]
 [-2.40571249e-01]
 [-2.40571249e-01]
 [-2.40571249e-01]
 [-2.40571249e-01]
 [-2.40571249e-01]
 [-2.40571249e-01]
 [-2.40571249e-01]
 [-2.40571249e-01]
 [-2.40571249e-01]
 [-2.40571249e-01]
 [-2.40571249e-01]
 [-2.40571249e-01]
 [-2.40571249e-01]
 [-2.40571249e-01]
 [-2.40571249e-01]
 [-2.40571249e-01]
 [-2.40571249e-01]
 [-2.40571249e-01]
 [-2.40571249e-01]
 [-2.40571249e-01]
 [-2.40571249e-01]
 [-2.63389548e-01]
 [-2.63389548e-01]
 [-2.63389548e-01]
 [-2.63389548e-01]
 [-2.63389548e-01]
 [-2.63389548e-01]
 [-2.63389548e-01]
 [-2.63389548e-01]
 [-4.48140571e-01]
 [-4.48140571e-01]
 [-4.48140571e-01]
 [-4.48140571e-01]
 [-4.48140571e-01]
 [-4.48140571e-01]
 [-4.48140571e-01]
 [-4.48140571e-01]
 [-4.48140571e-01]
 [-4.48140571e-01]
 [-4.48140571e-01]
 [-4.48140571e-01]
 [-4.48140571e-01]
 [-4.48140571e-01]
 [-4.48140571e-01]
 [-4.48140571e-01]
 [-4.48140571e-01]
 [-4.48140571e-01]
 [-4.48140571e-01]
 [-4.48140571e-01]
 [-4.48140571e-01]
 [-4.48140571e-01]
 [-4.48140571e-01]
 [-4.48140571e-01]
 [-2.40571249e-01]
 [-2.40571249e-01]
 [-2.40571249e-01]
 [-2.40571249e-01]
 [-2.40571249e-01]
 [-2.40571249e-01]
 [-2.40571249e-01]
 [-2.40571249e-01]
 [-2.40571249e-01]
 [-2.40571249e-01]
 [-2.40571249e-01]
 [-2.40571249e-01]
 [-2.40571249e-01]
 [-2.40571249e-01]
 [-2.40571249e-01]
 [-2.40571249e-01]
 [-2.40571249e-01]
 [-2.40571249e-01]
 [-2.40571249e-01]
 [-2.40571249e-01]
 [-2.40571249e-01]
 [-2.40571249e-01]
 [-2.40571249e-01]
 [-2.40571249e-01]
 [-2.40571249e-01]
 [-2.40571249e-01]
 [-2.40571249e-01]
 [-2.40571249e-01]
 [-2.40571249e-01]
 [-2.40571249e-01]
 [-2.40571249e-01]
 [-2.63389548e-01]
 [-2.63389548e-01]
 [-2.63389548e-01]
 [-2.63389548e-01]
 [-2.63389548e-01]
 [-2.63389548e-01]
 [-2.63389548e-01]
 [-2.63389548e-01]
 [-2.63389548e-01]
 [-2.63389548e-01]
 [-2.63389548e-01]
 [-2.63389548e-01]
 [-2.63389548e-01]
 [-2.63389548e-01]
 [-2.63389548e-01]
 [-2.63389548e-01]
 [-2.63389548e-01]
 [-2.63389548e-01]
 [-2.63389548e-01]
 [-2.63389548e-01]
 [-2.63389548e-01]
 [-2.63389548e-01]
 [-2.63389548e-01]
 [-2.63389548e-01]
 [-2.63389548e-01]
 [-2.63389548e-01]
 [-2.63389548e-01]
 [-2.63389548e-01]
 [-2.63389548e-01]
 [-2.63389548e-01]
 [-2.63389548e-01]
 [-2.63389548e-01]
 [-2.63389548e-01]
 [-2.63389548e-01]
 [-2.63389548e-01]
 [-2.63389548e-01]
 [-2.63389548e-01]
 [-2.63389548e-01]
 [-2.63389548e-01]
 [-2.63389548e-01]
 [-2.63389548e-01]
 [-2.63389548e-01]
 [-2.63389548e-01]
 [-2.63389548e-01]
 [-2.63389548e-01]
 [-2.63389548e-01]
 [-2.63389548e-01]
 [-2.63389548e-01]
 [-2.63389548e-01]
 [-2.63389548e-01]
 [-2.63389548e-01]
 [-2.63389548e-01]
 [-2.63389548e-01]
 [-2.63389548e-01]
 [-2.40571249e-01]
 [-2.40571249e-01]
 [-2.40571249e-01]
 [-2.40571249e-01]
 [-4.48140571e-01]
 [-4.48140571e-01]
 [-4.48140571e-01]
 [-4.48140571e-01]
 [-4.48140571e-01]
 [-4.48140571e-01]
 [-2.40571249e-01]
 [-2.40571249e-01]
 [-2.40571249e-01]
 [-2.40571249e-01]
 [-4.41889238e-02]
 [-4.41889238e-02]
 [-4.41889238e-02]
 [-4.41889238e-02]
 [-4.41889238e-02]
 [-4.41889238e-02]
 [-4.41889238e-02]
 [-4.41889238e-02]
 [-4.41889238e-02]
 [-4.41889238e-02]
 [-4.41889238e-02]
 [-4.41889238e-02]
 [-3.30019263e-02]
 [-3.30019263e-02]]


Antes do PCA
['HOST_SlogP', 'HOST_SMR', 'HOST_LabuteASA', 'HOST_TPSA', 'HOST_AMW', 'HOST_NumLipinskiHBA', 'HOST_NumLipinskiHBD', 'HOST_NumRotatableBonds'][[0.97269682 0.92704451 0.89516357 ... 0.13333333 0.23529412 0.8       ]
 [0.97269682 0.92704451 0.89516357 ... 0.13333333 0.23529412 0.8       ]
 [0.97269682 0.92704451 0.89516357 ... 0.13333333 0.23529412 0.8       ]
 ...
 [0.21902211 0.24742261 0.26316149 ... 0.23333333 0.55882353 0.45      ]
 [0.13926906 0.25129678 0.31781488 ... 0.4        0.70588235 0.4       ]
 [0.13926906 0.25129678 0.31781488 ... 0.4        0.70588235 0.4       ]]



